,New Path,Orig Path,Vertices,CenterOfMass,Means,Scaling,AverageSize,DiagonalSize,Bounds,Position,Cells,Class,Type,Eigenvalue,Eigenvectors,Prev Eigenvalue,Prev Eigenvectors,FlippingMomentumBefore,FlippingMomentumAfter
0,../normshapes/AircraftBuoyant/m1337.obj,../shapes/AircraftBuoyant/m1337.obj,6653,[-2.13485324e-10 -5.11641009e-11  1.42869523e-09],[-2.13485324e-10 -5.11641009e-11  1.42869523e-09],[1.04596424 1.04596424 1.04596424],0.45185152,1.6388452,[-0.4572874   0.45749968 -0.4554811   0.46591893 -0.42578238  0.57421756],[0. 0. 0.],13184,AircraftBuoyant,Triangle,[0.06524698 0.06555974 0.07463892],"[[ 1.00000000e+00  3.79785067e-06 -5.43570409e-09]
 [ 3.79785067e-06 -1.00000000e+00 -2.73565237e-08]
 [ 5.43580798e-09 -2.73565029e-08  1.00000000e+00]]",[0.10504595 0.04645249 0.04645206],"[[ 1.37932984e-03 -8.60879106e-01  5.08807688e-01]
 [-9.99998671e-01 -1.62945564e-03 -4.60612164e-05]
 [-8.68732693e-04  5.08806948e-01  8.60880209e-01]]","[np.float64(88.30131112660229), np.float64(144.9856320654222), np.float64(87.9379831707377)]","[np.float32(0.16226102), np.float32(9.388828), np.float32(57.114902)]"
1,../normshapes/AircraftBuoyant/m1338.obj,../shapes/AircraftBuoyant/m1338.obj,7934,[ 6.52084087e-10 -1.79643050e-09  2.70213673e-09],[ 6.52084087e-10 -1.79643050e-09  2.70213673e-09],[-1.05210423 -1.05210423 -1.05210423],0.4553125,1.6837815,[-0.47674766  0.47859475 -0.4799671   0.48047096 -0.41921237  0.58078766],[0. 0. 0.],15485,AircraftBuoyant,Triangle,[0.05488081 0.05521782 0.0987175 ],"[[ 1.00000000e+00  3.96080219e-08  9.36613461e-11]
 [ 3.96080219e-08 -1.00000000e+00 -4.26519327e-10]
 [-9.36613292e-11 -4.26519490e-10  1.00000000e+00]]",[0.09733962 0.04685405 0.04683994],"[[ 1.08941512e-03 -9.99859261e-01  1.67413076e-02]
 [-9.99999204e-01 -1.09992129e-03 -6.18364268e-04]
 [-6.36691361e-04  1.67406207e-02  9.99859663e-01]]","[np.float64(4717.442047478554), np.float64(6986.4027159712205), np.float64(4734.5021837976365)]","[np.float32(1.6927156), np.float32(0.08488691), np.float32(60.369427)]"
2,../normshapes/AircraftBuoyant/m1339.obj,../shapes/AircraftBuoyant/m1339.obj,6395,[ 1.51505818e-10  7.38988978e-11 -8.56066759e-10],[ 1.51505818e-10  7.38988978e-11 -8.56066759e-10],[1.05258262 1.05258262 1.05258262],0.34098643,1.333192,[-0.31632146  0.31729499 -0.30596617  0.3071661  -0.47129932  0.5287006 ],[0. 0. 0.],23788,AircraftBuoyant,Triangle,[0.01871391 0.01878863 0.09122561],"[[ 1.00000000e+00 -6.96231161e-07 -2.55665866e-10]
 [-6.96231161e-07 -1.00000000e+00 -1.09546100e-10]
 [ 2.55665789e-10 -1.09545994e-10  1.00000000e+00]]",[0.06554274 0.00866799 0.00892623],"[[ 0.00532142  0.9999363   0.00995422]
 [ 0.99998422 -0.00533906  0.00174673]
 [-0.00179977 -0.00994477  0.99994893]]","[np.float64(668.3143783502866), np.float64(1280.684324623744), np.float64(721.8891342755979)]","[np.float32(0.9018186), np.float32(1.3299277), np.float32(372.43866)]"
3,../normshapes/AircraftBuoyant/m1340.obj,../shapes/AircraftBuoyant/m1340.obj,5981,[-2.33019811e-11  7.26778988e-11  4.27204837e-10],[-2.33019811e-11  7.26778988e-11  4.27204837e-10],[-1.05264199 -1.05264199 -1.05264199],0.3098881,1.1207852,[-0.17900914  0.17887342 -0.17890455  0.17897762 -0.39234313  0.60765684],[0. 0. 0.],11949,AircraftBuoyant,Triangle,[0.00790169 0.0079439  0.0961593 ],"[[ 1.00000000e+00 -5.04583750e-07  1.18851268e-10]
 [-5.04583750e-07 -1.00000000e+00  1.17559253e-10]
 [-1.18851208e-10  1.17559133e-10  1.00000000e+00]]",[0.08524597 0.00322742 0.00317761],"[[ 0.00116888  0.99997913 -0.00635402]
 [ 0.99999145 -0.00119405 -0.00395971]
 [ 0.00396722  0.00634934  0.99997197]]","[np.float64(60.33908690896168), np.float64(277.6161541755325), np.float64(59.30006564029277)]","[np.float32(0.17187858), np.float32(0.033111688), np.float32(318.67325)]"
4,../normshapes/AircraftBuoyant/m1341.obj,../shapes/AircraftBuoyant/m1341.obj,6105,[ 6.15662061e-11 -1.01899161e-10  5.82386478e-10],[ 6.15662061e-11 -1.01899161e-10  5.82386478e-10],[1.05263162 1.05263162 1.05263162],0.24738903,1.130757,[-0.18661885  0.186618   -0.18659937  0.18663748 -0.35629776  0.64370227],[0. 0. 0.],12194,AircraftBuoyant,Triangle,[0.00752722 0.06406191 0.00754919],"[[ 1.00000000e+00  2.90277136e-10 -2.84973907e-07]
 [ 2.84973907e-07  5.64649735e-10  1.00000000e+00]
 [-2.90277297e-10  1.00000000e+00 -5.64649660e-10]]",[0.08771655 0.00299744 0.00286422],"[[-2.07842920e-04 -9.99999978e-01  1.51565623e-06]
 [-9.99999978e-01  2.07842920e-04 -1.22730395e-08]
 [-1.19580208e-08  1.51565874e-06  1.00000000e+00]]","[np.float64(36.02686909402769), np.float64(199.27876078139917), np.float64(35.941125874888165)]","[np.float32(0.0021448326), np.float32(0.0119412495), np.float32(185.65645)]"
5,../normshapes/AircraftBuoyant/m1342.obj,../shapes/AircraftBuoyant/m1342.obj,6971,[2.49653752e-11 3.17285922e-11 5.65448682e-10],[2.49653752e-11 3.17285922e-11 5.65448682e-10],[-1.04842174 -1.04842174 -1.04842174],0.33054918,1.3266379,[-0.30737498  0.3055711  -0.29968673  0.3202047  -0.4532029   0.54679704],[0. 0. 0.],13868,AircraftBuoyant,Triangle,[0.02341896 0.02365162 0.07065458],"[[ 1.00000000e+00  3.54002762e-07 -1.52379123e-09]
 [ 3.54002762e-07 -1.00000000e+00  5.80621328e-10]
 [ 1.52379103e-09  5.80621530e-10  1.00000000e+00]]",[0.08185583 0.00747886 0.00791175],"[[ 0.0603678  -0.98356147 -0.17018389]
 [-0.99801767 -0.05643591 -0.02785186]
 [-0.01778954 -0.17152788  0.98501864]]","[np.float64(300.46735701748423), np.float64(336.0046999588621), np.float64(238.34148868583705)]","[np.float32(1.983893), np.float32(2.6601245), np.float32(30.075708)]"
6,../normshapes/AircraftBuoyant/m1343.obj,../shapes/AircraftBuoyant/m1343.obj,8000,[ 2.83466807e-09  7.42891643e-10 -5.02388502e-10],[ 2.83466807e-09  7.42891643e-10 -5.02388502e-10],[1.0492171 1.0492171 1.0492171],0.3359777,1.4263798,[-0.3378754   0.3813779  -0.35839388  0.36079597 -0.52290946  0.47709048],[0. 0. 0.],15988,AircraftBuoyant,Triangle,[0.03370798 0.03518427 0.04975324],"[[ 1.00000000e+00  3.04490070e-07  1.50117684e-09]
 [ 3.04490070e-07 -1.00000000e+00  1.04894467e-09]
 [-1.50117716e-09  1.04894414e-09  1.00000000e+00]]",[0.0272242  0.08290807 0.02728586],"[[ 1.00000000e+00  3.38803587e-07  3.19212014e-11]
 [ 3.38803587e-07 -1.00000000e+00 -2.99493628e-07]
 [-3.18197319e-11 -2.99493628e-07  1.00000000e+00]]","[np.float64(56.39975043048215), np.float64(109.64443055542053), np.float64(55.08955931130586)]","[np.float32(29.695673), np.float32(1.8893269), np.float32(116.99657)]"
7,../normshapes/AircraftBuoyant/m1344.obj,../shapes/AircraftBuoyant/m1344.obj,5588,[ 3.41539634e-11 -9.87349434e-11  2.92413289e-10],[ 3.41539634e-11 -9.87349434e-11  2.92413289e-10],[-1.05260956 -1.05260956 -1.05260956],0.3574452,1.3958924,[-0.34434286  0.34432068 -0.344472    0.34419215 -0.5070635   0.4929364 ],[0. 0. 0.],10932,AircraftBuoyant,Triangle,[0.02776834 0.02783689 0.0816187 ],"[[ 1.00000000e+00  7.38924448e-06 -2.02364843e-10]
 [ 7.38924448e-06 -1.00000000e+00  4.25476917e-10]
 [ 2.02361699e-10  4.25478426e-10  1.00000000e+00]]",[0.10835615 0.01093409 0.0108532 ],"[[ 1.01636165e-03 -9.99970331e-01  7.63572930e-03]
 [-9.99999434e-01 -1.01874660e-03 -3.08458435e-04]
 [-3.16228156e-04  7.63541147e-03  9.99970800e-01]]","[np.float64(259.46644429520563), np.float64(413.870611667778), np.float64(258.40597443599995)]","[np.float32(0.092368565), np.float32(0.0677658), np.float32(19.295437)]"
8,../normshapes/AircraftBuoyant/m1345.obj,../shapes/AircraftBuoyant/m1345.obj,8000,[ 2.41360203e-09 -1.00249872e-09 -4.42937016e-09],[ 2.41360203e-09 -1.00249872e-09 -4.42937016e-09],[-1.05321395 -1.05321395 -1.05321395],0.32235968,1.3019913,[-0.2572774   0.33282667 -0.30201542  0.28701666 -0.37523562  0.6247643 ],[0. 0. 0.],15227,AircraftBuoyant,Triangle,[0.02059303 0.02195517 0.07111216],"[[ 1.00000000e+00  1.34969397e-07  2.13478660e-10]
 [ 1.34969397e-07 -1.00000000e+00 -7.98357779e-12]
 [-2.13478659e-10 -7.98357860e-12  1.00000000e+00]]",[0.09119675 0.02040059 0.02041466],"[[ 1.11849402e-03  9.99225446e-01 -3.93351922e-02]
 [ 9.99998882e-01 -1.15666234e-03 -9.47590953e-04]
 [ 9.92354528e-04  3.93340884e-02  9.99225623e-01]]","[np.float64(708.256826351511), np.float64(2621.4306924677217), np.float64(708.4397664994787)]","[np.float32(26.232594), np.float32(2.0847416), np.float32(194.20789)]"
9,../normshapes/AircraftBuoyant/m1346.obj,../shapes/AircraftBuoyant/m1346.obj,5112,[2.53818764e-11 8.58716360e-11 8.05365387e-10],[2.53818764e-11 8.58716360e-11 8.05365387e-10],[-1.05202162 -1.05202162 -1.05202162],0.28830996,1.1034594,[-0.15255815  0.15989453 -0.16429909  0.18210503 -0.4594818   0.54051816],[0. 0. 0.],10141,AircraftBuoyant,Triangle,[0.00547976 0.0063012  0.08459635],"[[-1.00000000e+00  1.18595498e-09 -1.14730019e-11]
 [ 1.18595498e-09  1.00000000e+00  1.12112907e-10]
 [-1.14730021e-11 -1.12112985e-10  1.00000000e+00]]",[0.0897768  0.00387209 0.00622558],"[[ 0.00155137  0.99991205  0.01317147]
 [ 0.01050078 -0.01318704  0.99985791]
 [-0.99994366  0.00141284  0.01052032]]","[np.float64(44.20417974419306), np.float64(53.543757493200765), np.float64(437.6844641407987)]","[np.float32(0.52741903), np.float32(0.3203241), np.float32(50.714054)]"
10,../normshapes/AircraftBuoyant/m1348.obj,../shapes/AircraftBuoyant/m1348.obj,5433,[ 8.19084266e-11  4.75160343e-11 -6.22355858e-10],[ 8.19084266e-11  4.75160343e-11 -6.22355858e-10],[1.05174649 1.05174649 1.05174649],0.2846571,1.1030947,[-0.15217607  0.15982877 -0.18042827  0.16521735 -0.4543504   0.5456496 ],[0. 0. 0.],10741,AircraftBuoyant,Triangle,[0.00542661 0.08254802 0.00639347],"[[ 1.00000000e+00 -2.80328250e-10  6.94222992e-09]
 [-6.94222992e-09 -2.08073808e-10  1.00000000e+00]
 [ 2.80328249e-10  1.00000000e+00  2.08073735e-10]]",[0.08403906 0.00363696 0.00639012],"[[ 0.00150281  0.99990749  0.01351893]
 [ 0.01486452 -0.01353978  0.99979784]
 [-0.99988839  0.00130156  0.01488349]]","[np.float64(44.341454400358124), np.float64(53.60095788827953), np.float64(439.1465813525391)]","[np.float32(0.18988134), np.float32(0.0854699), np.float32(61.96244)]"
11,../normshapes/AircraftBuoyant/m1349.obj,../shapes/AircraftBuoyant/m1349.obj,5316,[4.90290527e-12 3.37984382e-11 2.12229117e-11],[4.90290527e-12 3.37984382e-11 2.12229117e-11],[1.04767227 1.04767227 1.04767227],0.25819927,1.0922431,[-0.12944996  0.1310589  -0.17168418  0.18205298 -0.5218351   0.47816497],[0. 0. 0.],10552,AircraftBuoyant,Triangle,[0.00462555 0.06676609 0.00889612],"[[ 1.00000000e+00 -1.60971008e-10 -6.45771049e-11]
 [-6.45771049e-11  5.21499016e-10 -1.00000000e+00]
 [-1.60971008e-10 -1.00000000e+00 -5.21499225e-10]]",[0.0509046  0.0106754  0.00553908],"[[-9.98584858e-01  5.31815923e-02 -1.52739690e-05]
 [ 5.31815657e-02  9.98584574e-01  7.54565085e-04]
 [-5.53813225e-05 -7.52684974e-04  9.99999715e-01]]","[np.float64(193.0566926626582), np.float64(23.405487464511353), np.float64(17.250956457524758)]","[np.float32(0.11666806), np.float32(7.8630486), np.float32(30.37755)]"
12,../normshapes/AircraftBuoyant/m1350.obj,../shapes/AircraftBuoyant/m1350.obj,7999,[-9.37527298e-10  1.26987518e-09 -3.47673844e-09],[-9.37527298e-10  1.26987518e-09 -3.47673844e-09],[1.04777503 1.04777503 1.04777503],0.2799188,1.082712,[-0.12833826  0.14876758 -0.13525502  0.17373961 -0.4809693   0.51903075],[0. 0. 0.],15972,AircraftBuoyant,Triangle,[0.00540889 0.0073471  0.0796411 ],"[[ 1.00000000e+00  1.18008989e-08  1.06806996e-10]
 [ 1.18008989e-08 -1.00000000e+00 -1.83140993e-09]
 [-1.06806974e-10 -1.83141002e-09  1.00000000e+00]]",[0.03387363 0.00393676 0.00603303],"[[-9.91325458e-01 -1.31429968e-01  1.10165009e-07]
 [-5.75758147e-08 -4.03931001e-07 -1.00000000e+00]
 [-1.31429968e-01  9.91325458e-01 -3.92859897e-07]]","[np.float64(327.8773008518311), np.float64(60.99812390482666), np.float64(18.686786160112614)]","[np.float32(0.9691676), np.float32(11.500923), np.float32(232.0064)]"
13,../normshapes/AircraftBuoyant/m1351.obj,../shapes/AircraftBuoyant/m1351.obj,8000,[-1.17154332e-09 -1.94790843e-10 -1.49069820e-09],[-1.17154332e-09 -1.94790843e-10 -1.49069820e-09],[-1.05110598 -1.05110598 -1.05110598],0.20666672,1.045624,[-0.07672083  0.16036339 -0.09628332  0.09638432 -0.28181636  0.7181836 ],[0. 0. 0.],14918,AircraftBuoyant,Triangle,[0.00229946 0.05001643 0.00423678],"[[ 1.00000000e+00  1.24284474e-09 -3.18985936e-10]
 [ 3.18985936e-10 -2.05778772e-13  1.00000000e+00]
 [-1.24284474e-09  1.00000000e+00  2.06009966e-13]]",[0.00428565 0.03588715 0.00167125],"[[ 1.00000000e+00 -2.52304108e-06 -2.72694628e-06]
 [ 2.55182995e-06 -6.69796966e-02  9.97754339e-01]
 [ 2.70002522e-06  9.97754339e-01  6.69796966e-02]]","[np.float64(439.04892057723464), np.float64(217.425280986755), np.float64(3489.0184111759518)]","[np.float32(6.669763), np.float32(0.19368361), np.float32(197.07639)]"
14,../normshapes/AircraftBuoyant/m1352.obj,../shapes/AircraftBuoyant/m1352.obj,8000,[ 5.50924142e-11  7.56501151e-10 -1.32320110e-11],[ 5.50924142e-11  7.56501151e-10 -1.32320110e-11],[-1.05292296 -1.05292296 -1.05292296],0.2755989,1.1157235,[-0.1774578   0.14875124 -0.17629935  0.19575791 -0.44245213  0.55754787],[0. 0. 0.],15895,AircraftBuoyant,Triangle,[0.00636352 0.06890765 0.01021389],"[[ 1.00000000e+00 -7.92371684e-10 -1.13549798e-09]
 [-1.13549798e-09 -2.75248046e-10 -1.00000000e+00]
 [-7.92371684e-10 -1.00000000e+00  2.75248061e-10]]",[0.07047498 0.01012987 0.00495225],"[[ 0.99999658 -0.0023833  -0.00107235]
 [-0.00238531 -0.99999539 -0.00187921]
 [ 0.00106786 -0.00188176  0.99999766]]","[np.float64(1819.4790267161288), np.float64(286.88335645341334), np.float64(234.58376811291905)]","[np.float32(1.3780665), np.float32(8.463643), np.float32(64.34891)]"
15,../normshapes/Apartment/D00045.obj,../shapes/Apartment/D00045.obj,7977,[-1.25833432e-09 -3.15629710e-09  2.11100367e-09],[-1.25833432e-09 -3.15629710e-09  2.11100367e-09],[-0.73705095 -0.73705095 -0.73705095],0.3348241,1.4855312,[-0.25346226  0.24397805 -0.5177094   0.48229071 -0.5016244   0.4778428 ],[0. 0. 0.],10718,Apartment,Triangle,[0.01847067 0.06365232 0.03295043],"[[ 1.00000000e+00  4.88508428e-09  5.02748053e-09]
 [ 5.02748056e-09 -5.07088027e-09 -1.00000000e+00]
 [ 4.88508426e-09 -1.00000000e+00  5.07087982e-09]]",[0.10693727 0.03665936 0.06283398],"[[ 0.9780651   0.17381015  0.11479853]
 [ 0.09703149  0.10750378 -0.98945835]
 [ 0.18431918 -0.97889375 -0.08828064]]","[np.float64(762.5329321046736), np.float64(366.151778687253), np.float64(-391.9483867523357)]","[np.float32(4.8015547), np.float32(26.761911), np.float32(1.6656609)]"
16,../normshapes/Apartment/D00086.obj,../shapes/Apartment/D00086.obj,7913,[-7.31196501e-10 -9.35565581e-10 -1.36780739e-09],[-7.31196501e-10 -9.35565581e-10 -1.36780739e-09],[0.55845952 0.55845952 0.55845952],0.2867444,1.393613,[-0.14199379  0.15747824 -0.18873692  0.734558   -0.49956313  0.50043684],[0. 0. 0.],16136,Apartment,Triangle,[0.0056276  0.01964778 0.07096599],"[[ 1.00000000e+00 -1.04975048e-08 -8.26536943e-10]
 [-1.04975048e-08 -1.00000000e+00 -7.97323275e-09]
 [ 8.26536859e-10 -7.97323264e-09  1.00000000e+00]]",[0.17361445 0.04179797 0.01156898],"[[ 0.99634248  0.08495874  0.00914742]
 [ 0.08435384 -0.99500204  0.05343571]
 [-0.01364153  0.05246865  0.99852939]]","[np.float64(76.37174671769006), np.float64(-521.6650464665643), np.float64(-169.43508234597337)]","[np.float32(6.717449), np.float32(45.293358), np.float32(7.551036)]"
17,../normshapes/Apartment/D00138.obj,../shapes/Apartment/D00138.obj,8000,[-2.60843592e-10  4.03945023e-10  5.42050770e-10],[-2.60843592e-10  4.03945023e-10  5.42050770e-10],[0.64094526 0.64094526 0.64094526],0.12793392,1.2895235,[-0.09079994  0.25082508 -0.22079936  0.51822925 -0.45927864  0.5407214 ],[0. 0. 0.],15722,Apartment,Triangle,[0.00271106 0.01685004 0.00789919],"[[ 1.00000000e+00  1.33584625e-09 -1.37399300e-09]
 [ 1.37399300e-09  3.74417969e-09  1.00000000e+00]
 [-1.33584625e-09  1.00000000e+00 -3.74417945e-09]]",[0.04053749 0.00691138 0.01949903],"[[-9.99477518e-01 -3.23201585e-02  3.12138651e-04]
 [-4.84730955e-04  2.46447275e-02  9.99696155e-01]
 [ 3.23180308e-02 -9.99173681e-01  2.46475177e-02]]","[np.float64(-413.5686735369281), np.float64(-649.9498068187443), np.float64(139.61577862706665)]","[np.float32(13.647883), np.float32(28.498798), np.float32(11.7258625)]"
18,../normshapes/Apartment/D00156.obj,../shapes/Apartment/D00156.obj,7980,[6.75994816e-10 1.21200312e-10 3.30229639e-09],[6.75994816e-10 1.21200312e-10 3.30229639e-09],[0.60993129 0.60993129 0.60993129],0.39339852,1.4553906,[-0.34571677  0.36199033 -0.3104382   0.47525415 -0.49886572  0.50113434],[0. 0. 0.],12473,Apartment,Triangle,[0.01192354 0.06649833 0.08688999],"[[ 1.00000000e+00  5.39764136e-09  1.19169053e-09]
 [ 5.39764133e-09 -1.00000000e+00  2.81677509e-08]
 [-1.19169068e-09  2.81677502e-08  1.00000000e+00]]",[0.23687052 0.19412456 0.02931208],"[[ 0.96834428  0.24787906  0.02941638]
 [ 0.24955815 -0.96395407 -0.09226745]
 [-0.00548487 -0.09668775  0.99529965]]","[np.float64(-470.5643850912406), np.float64(2428.5287942845025), np.float64(-199.06809227329393)]","[np.float32(6.883055), np.float32(155.23354), np.float32(0.54102445)]"
19,../normshapes/Apartment/D00310.obj,../shapes/Apartment/D00310.obj,7939,[-1.77889328e-10 -4.13165148e-09 -3.72385761e-09],[-1.77889328e-10 -4.13165148e-09 -3.72385761e-09],[0.55813396 0.55813396 0.55813396],0.32477275,1.1930697,[-0.19025381  0.19492754 -0.22620164  0.29825112 -0.45593894  0.54406106],[0. 0. 0.],8506,Apartment,Triangle,[0.00808404 0.08795505 0.02354578],"[[ 1.00000000e+00 -3.57580283e-10 -3.65852899e-11]
 [-3.65852906e-11 -2.14871936e-09 -1.00000000e+00]
 [-3.57580283e-10 -1.00000000e+00  2.14871914e-09]]",[0.27760058 0.07429363 0.02494206],"[[ 0.99840528 -0.051258   -0.02365413]
 [-0.05083436 -0.99854167  0.01817693]
 [ 0.02455135  0.0169455   0.99955494]]","[np.float64(725.7491051415143), np.float64(75.310039846715), np.float64(-37.28226438825047)]","[np.float32(0.7501177), np.float32(30.675867), np.float32(20.163233)]"
20,../normshapes/Apartment/D00348.obj,../shapes/Apartment/D00348.obj,8000,[-1.83341228e-09  4.95039558e-09 -4.10409484e-10],[-1.83341228e-09  4.95039558e-09 -4.10409484e-10],[-0.60828716 -0.60828716 -0.60828716],0.37852502,1.4515969,[-0.3118346   0.42074594 -0.37333184  0.38195568 -0.47477794  0.5252221 ],[0. 0. 0.],15503,Apartment,Triangle,[0.03297996 0.0349313  0.08575728],"[[ 1.00000000e+00  2.90243140e-07  5.68158543e-09]
 [ 2.90243140e-07 -1.00000000e+00 -6.10980670e-09]
 [-5.68158366e-09 -6.10980841e-09  1.00000000e+00]]",[0.19116995 0.08250579 0.0048928 ],"[[ 0.99625917  0.0792821   0.03438053]
 [ 0.07734198 -0.99551387  0.05450098]
 [-0.03854724  0.05163804  0.99792165]]","[np.float64(-284.7292275423611), np.float64(107.33872919155625), np.float64(5.056058701164324)]","[np.float32(79.45972), np.float32(43.910534), np.float32(63.74571)]"
21,../normshapes/Apartment/D00366.obj,../shapes/Apartment/D00366.obj,8000,[6.06991926e-10 1.69699223e-09 2.68782446e-09],[6.06991926e-10 1.69699223e-09 2.68782446e-09],[0.61901301 0.61901301 0.61901301],0.393152,1.3787547,[-0.29071075  0.30084026 -0.3570626   0.38525277 -0.49398023  0.5060198 ],[0. 0. 0.],15927,Apartment,Triangle,[0.02869472 0.04762779 0.08694876],"[[ 1.00000000e+00 -4.09230896e-08 -3.04824747e-09]
 [-4.09230896e-08 -1.00000000e+00  1.26600362e-09]
 [ 3.04824752e-09  1.26600383e-09  1.00000000e+00]]",[0.20970553 0.1047377  0.08072606],"[[ 0.99661581  0.07339569  0.03701341]
 [ 0.08181126 -0.92941841 -0.35984488]
 [-0.00798988 -0.36165521  0.93227768]]","[np.float64(-106.83226312316168), np.float64(-129.58398059235523), np.float64(0.3135948308215266)]","[np.float32(10.744485), np.float32(32.896076), np.float32(93.623116)]"
22,../normshapes/Apartment/D00478.obj,../shapes/Apartment/D00478.obj,7955,[-1.33474447e-09  1.06473876e-09  6.30282321e-09],[-1.33474447e-09  1.06473876e-09  6.30282321e-09],[0.60203511 0.60203511 0.60203511],0.35142493,1.3144321,[-0.24750793  0.28079066 -0.39519313  0.2746074  -0.5033489   0.49665102],[0. 0. 0.],9297,Apartment,Triangle,[0.01633277 0.03126813 0.08489495],"[[ 1.00000000e+00  2.39622955e-09  3.02854094e-10]
 [ 2.39622955e-09 -1.00000000e+00  2.55431796e-09]
 [-3.02854100e-10  2.55431809e-09  1.00000000e+00]]",[0.22955209 0.08497148 0.04703554],"[[ 0.99813753  0.05380708  0.02874478]
 [ 0.05804459 -0.98265489 -0.17612551]
 [-0.0187694  -0.17746596  0.98394794]]","[np.float64(1000.1630120665887), np.float64(-923.0425551320268), np.float64(111.37062472960157)]","[np.float32(32.608494), np.float32(12.242911), np.float32(4.211053)]"
23,../normshapes/Apartment/D00496.obj,../shapes/Apartment/D00496.obj,7737,[-1.99126324e-10 -4.04451835e-11  1.52224281e-11],[-1.99126324e-10 -4.04451835e-11  1.52224281e-11],[-0.6368953 -0.6368953 -0.6368953],0.33052087,1.3257563,[-0.17019738  0.17893536 -0.3219033   0.6780967  -0.41149798  0.38583267],[0. 0. 0.],4956,Apartment,Triangle,[0.01945853 0.04828231 0.05104363],"[[ 1.00000000e+00 -2.19755330e-09  6.50940339e-10]
 [-2.19755306e-09 -1.00000000e+00 -3.62984748e-07]
 [-6.50941137e-10 -3.62984747e-07  1.00000000e+00]]",[0.04797047 0.11902877 0.12583616],"[[ 5.27407648e-02  9.10681880e-01 -4.09727868e-01]
 [ 2.31046565e-02  4.09076259e-01  9.12207646e-01]
 [-9.98340917e-01  5.75771505e-02 -5.34002712e-04]]","[np.float64(31.02537890692893), np.float64(-1.2808987741087714), np.float64(-43.93735668899396)]","[np.float32(7.114646), np.float32(25.502365), np.float32(0.9612481)]"
24,../normshapes/Apartment/D00626.obj,../shapes/Apartment/D00626.obj,7942,[ 1.09112670e-09 -9.09240016e-10 -4.03783262e-09],[ 1.09112670e-09 -9.09240016e-10 -4.03783262e-09],[0.56016362 0.56016362 0.56016362],0.36515114,1.160868,[-0.09784736  0.32045406 -0.19205132  0.2234466  -0.4842301   0.51576984],[0. 0. 0.],7559,Apartment,Triangle,[0.01215412 0.0248463  0.10916616],"[[ 1.00000000e+00 -3.68472752e-08  2.14791810e-09]
 [-3.68472752e-08 -1.00000000e+00  2.95896392e-10]
 [-2.14791809e-09  2.95896589e-10  1.00000000e+00]]",[0.25056353 0.06264458 0.0446895 ],"[[ 9.99660294e-01 -2.60456588e-02  9.59735326e-04]
 [-2.55284030e-02 -9.85901061e-01 -1.65370488e-01]
 [-5.25338739e-03 -1.65289810e-01  9.86231048e-01]]","[np.float64(-936.6246463435742), np.float64(-1616.6504260855604), np.float64(781.7830224850202)]","[np.float32(65.9674), np.float32(13.478123), np.float32(37.042915)]"
25,../normshapes/Apartment/D00639.obj,../shapes/Apartment/D00639.obj,8000,[-4.06444087e-11 -7.87916335e-10 -1.69751002e-09],[-4.06444087e-11 -7.87916335e-10 -1.69751002e-09],[0.63656694 0.63656694 0.63656694],0.34692267,1.3284963,[-0.2898007   0.30072746 -0.31738696  0.32773256 -0.43854097  0.56145895],[0. 0. 0.],14790,Apartment,Triangle,[0.02101344 0.02946036 0.08120553],"[[ 1.00000000e+00 -5.07311125e-08 -2.19333506e-09]
 [-5.07311125e-08 -1.00000000e+00  2.88747165e-09]
 [ 2.19333520e-09  2.88747168e-09  1.00000000e+00]]",[0.19643149 0.05736936 0.08108464],"[[ 0.98329075  0.18155036  0.01337046]
 [ 0.03728557 -0.12896214 -0.99094831]
 [ 0.17818274 -0.97488883  0.13357649]]","[np.float64(1292.2506364629287), np.float64(-89.00648720205788), np.float64(-462.96675254221947)]","[np.float32(11.371343), np.float32(14.571834), np.float32(33.88231)]"
26,../normshapes/Apartment/D00651.obj,../shapes/Apartment/D00651.obj,7980,[1.11061202e-09 1.04767954e-09 3.08387178e-09],[1.11061202e-09 1.04767954e-09 3.08387178e-09],[0.61014104 0.61014104 0.61014104],0.39341187,1.4553505,[-0.34610254  0.362032   -0.30947468  0.47575808 -0.49891245  0.5010876 ],[0. 0. 0.],12478,Apartment,Triangle,[0.01194377 0.06652085 0.08688008],"[[-1.00000000e+00 -3.02112041e-09 -2.14903638e-09]
 [-3.02111999e-09  1.00000000e+00 -1.92233832e-07]
 [-2.14903696e-09  1.92233831e-07  1.00000000e+00]]",[0.23687052 0.19412456 0.02931208],"[[ 0.76177253 -0.64632238 -0.04438462]
 [-0.64780794 -0.75921088 -0.06279896]
 [-0.00689109 -0.07659123  0.99703876]]","[np.float64(-1871.472406002448), np.float64(-2045.1985844440758), np.float64(235.92535044360855)]","[np.float32(7.0197783), np.float32(161.18782), np.float32(0.6187905)]"
27,../normshapes/Apartment/D00681.obj,../shapes/Apartment/D00681.obj,8000,[-3.40941938e-10 -1.75635387e-09  4.27730993e-09],[-3.40941938e-10 -1.75635387e-09  4.27730993e-09],[0.61282569 0.61282569 0.61282569],0.38500062,1.3954039,[-0.24831752  0.41132936 -0.31867635  0.39687794 -0.5002953   0.49970472],[0. 0. 0.],10292,Apartment,Triangle,[0.01462916 0.11348728 0.03489996],"[[ 1.00000000e+00 -1.74018657e-09  1.26344727e-09]
 [-1.26344730e-09 -1.35979439e-08  1.00000000e+00]
 [ 1.74018656e-09  1.00000000e+00  1.35979442e-08]]",[0.30921978 0.09658267 0.03762017],"[[ 0.97781977  0.19663208 -0.07214092]
 [ 0.20352876 -0.97335087  0.1056604 ]
 [ 0.0494422   0.11799958  0.99178202]]","[np.float64(3123.61350152902), np.float64(-1160.5286982134942), np.float64(-201.46521667416863)]","[np.float32(14.038824), np.float32(45.96383), np.float32(0.08050812)]"
28,../normshapes/Apartment/D00780.obj,../shapes/Apartment/D00780.obj,8000,[ 1.97323970e-10 -4.17189062e-09 -9.76619776e-09],[ 1.97323970e-10 -4.17189062e-09 -9.76619776e-09],[0.5915485 0.5915485 0.5915485],0.39853552,1.1775737,[-0.13221774  0.16012307 -0.2488244   0.3000078  -0.443285    0.556715  ],[0. 0. 0.],13268,Apartment,Triangle,[0.00547131 0.12738805 0.04321611],"[[ 1.00000000e+00  9.71254266e-10 -2.13415747e-10]
 [ 2.13415742e-10  5.40115780e-09  1.00000000e+00]
 [-9.71254267e-10  1.00000000e+00 -5.40115785e-09]]",[0.36809068 0.12315976 0.0157519 ],"[[ 0.98319677 -0.17897371 -0.03595159]
 [-0.18003594 -0.98323687 -0.02884983]
 [ 0.03018556 -0.03483763  0.99893702]]","[np.float64(-2071.208724416624), np.float64(-269.7707688853162), np.float64(126.60209381046302)]","[np.float32(0.6969724), np.float32(29.232788), np.float32(248.74771)]"
29,../normshapes/Apartment/D00792.obj,../shapes/Apartment/D00792.obj,7662,[1.68128559e-10 8.38174981e-11 5.17350784e-11],[1.68128559e-10 8.38174981e-11 5.17350784e-11],[0.57903099 0.57903099 0.57903099],0.3647828,1.554535,[-0.23534577  0.4125874  -0.44580263  0.55419743 -0.51243395  0.48594552],[0. 0. 0.],14059,Apartment,Triangle,[0.03067832 0.06088149 0.05257582],"[[ 1.00000000e+00  2.20915170e-08 -1.19878149e-08]
 [ 1.19878148e-08  4.03878995e-09  1.00000000e+00]
 [-2.20915171e-08  1.00000000e+00 -4.03878872e-09]]",[0.17266152 0.09694567 0.04606576],"[[-0.46062879  0.80958937 -0.36384911]
 [ 0.88372963  0.38011417 -0.2730113 ]
 [ 0.08272284  0.4473011   0.89054964]]","[np.float64(285.79676691643635), np.float64(109.5021337029148), np.float64(-26.947861929155128)]","[np.float32(143.10555), np.float32(95.02471), np.float32(4.790513)]"
30,../normshapes/Apartment/D00859.obj,../shapes/Apartment/D00859.obj,8000,[-1.13421231e-09 -6.65022981e-10 -4.71746716e-10],[-1.13421231e-09 -6.65022981e-10 -4.71746716e-10],[-0.54191834 -0.54191834 -0.54191834],0.32165483,1.2247844,[-0.12740095  0.14170022 -0.30532673  0.3486468  -0.5009031   0.49909684],[0. 0. 0.],15275,Apartment,Triangle,[0.00659855 0.07745834 0.03147836],"[[ 1.00000000e+00  8.06498774e-10 -5.59241134e-10]
 [ 5.59241132e-10  2.76112280e-09  1.00000000e+00]
 [-8.06498775e-10  1.00000000e+00 -2.76112233e-09]]",[0.25744909 0.0989198  0.01868207],"[[ 0.9947761   0.10152261 -0.0106614 ]
 [ 0.100254   -0.99130078 -0.08527538]
 [ 0.01922603 -0.08376106  0.99630038]]","[np.float64(321.70823277999347), np.float64(-155.83247119417982), np.float64(13.315525463572738)]","[np.float32(0.008977512), np.float32(12.460976), np.float32(11.882256)]"
31,../normshapes/Apartment/D00860.obj,../shapes/Apartment/D00860.obj,8000,[-8.24111339e-11  2.49660661e-09 -3.36090307e-09],[-8.24111339e-11  2.49660661e-09 -3.36090307e-09],[-0.60395789 -0.60395789 -0.60395789],0.34958312,1.3163638,[-0.25033078  0.2863791  -0.3951463   0.27175424 -0.4966605   0.50333947],[0. 0. 0.],9361,Apartment,Triangle,[0.01628855 0.03203226 0.08296143],"[[ 1.00000000e+00  2.25180346e-09  4.79789451e-10]
 [ 2.25180346e-09 -1.00000000e+00  1.72867985e-10]
 [-4.79789451e-10  1.72867720e-10  1.00000000e+00]]",[0.22955209 0.08497148 0.04703554],"[[ 0.9980322   0.05509266  0.02994196]
 [ 0.0592148  -0.98516366 -0.16107818]
 [-0.02062351 -0.16253422  0.98648735]]","[np.float64(1328.152367946577), np.float64(-948.9762113229644), np.float64(141.8015796589464)]","[np.float32(32.709156), np.float32(12.410094), np.float32(0.5702688)]"
32,../normshapes/Apartment/D00869.obj,../shapes/Apartment/D00869.obj,8000,[ 9.28744043e-10  1.93781943e-09 -7.45073430e-09],[ 9.28744043e-10  1.93781943e-09 -7.45073430e-09],[-0.6189698 -0.6189698 -0.6189698],0.42290667,1.3199357,[-0.29703015  0.2590018  -0.32804754  0.33002427 -0.4825836   0.51741636],[0. 0. 0.],14538,Apartment,Triangle,[0.02840421 0.11506781 0.04586855],"[[ 1.00000000e+00 -1.21570919e-09 -3.57275461e-09]
 [-3.57275463e-09 -1.69178720e-08 -1.00000000e+00]
 [-1.21570913e-09 -1.00000000e+00  1.69178718e-08]]",[0.26627842 0.12188595 0.07982689],"[[ 0.99061291  0.13211515 -0.03509488]
 [ 0.13542341 -0.9834532   0.12033415]
 [ 0.0186162   0.12395723  0.99211292]]","[np.float64(-1172.1111376395986), np.float64(461.4886834309346), np.float64(635.9241987287398)]","[np.float32(17.36608), np.float32(2.0244746), np.float32(56.791485)]"
33,../normshapes/Apartment/D00921.obj,../shapes/Apartment/D00921.obj,7801,[-1.09420683e-09  6.89210678e-11 -6.92686834e-10],[-1.09420683e-09  6.89210678e-11 -6.92686834e-10],[0.6197772 0.6197772 0.6197772],0.26575798,1.2255995,[-0.15814075  0.33898285 -0.24156363  0.26337424 -0.35032797  0.64967203],[0. 0. 0.],7206,Apartment,Triangle,[0.02118315 0.02318549 0.03875823],"[[ 1.00000000e+00 -1.57177878e-07 -1.75316336e-09]
 [-1.57177878e-07 -1.00000000e+00  1.90672490e-08]
 [ 1.75316636e-09  1.90672488e-08  1.00000000e+00]]",[0.08220139 0.05114192 0.06151274],"[[ 0.94408494  0.31905307 -0.08311902]
 [ 0.21163008 -0.77973161 -0.58926337]
 [ 0.25281682 -0.53872418  0.8036541 ]]","[np.float64(676.786356128754), np.float64(-273.7903167207753), np.float64(-216.24194858563487)]","[np.float32(78.96941), np.float32(6.0261316), np.float32(130.0969)]"
34,../normshapes/Apartment/D00953.obj,../shapes/Apartment/D00953.obj,8000,[ 1.83009797e-09  4.19171556e-10 -6.75773208e-10],[ 1.83009797e-09  4.19171556e-10 -6.75773208e-10],[-0.6153608 -0.6153608 -0.6153608],0.2942177,1.4654077,[-0.22516899  0.2726087  -0.5279743   0.47202563 -0.46155328  0.48693874],[0. 0. 0.],14139,Apartment,Triangle,[0.01858385 0.03501127 0.03935475],"[[ 1.00000000e+00 -2.41101783e-09 -1.67548241e-10]
 [-2.41101784e-09 -1.00000000e+00 -7.92006685e-08]
 [ 1.67548050e-10 -7.92006693e-08  1.00000000e+00]]",[0.03380305 0.105283   0.08755189],"[[-0.24319934  0.9465329  -0.21196592]
 [-0.07441019  0.19967721  0.97703231]
 [-0.96711799 -0.25338603 -0.02187032]]","[np.float64(-768.8643156056639), np.float64(108.11535195886799), np.float64(-49.27050226525084)]","[np.float32(11.604638), np.float32(59.43488), np.float32(2.386645)]"
35,../normshapes/Apartment/m463.obj,../shapes/Apartment/m463.obj,8000,[-2.23180496e-09 -4.05047103e-10 -1.24997678e-09],[-2.23180496e-09 -4.05047103e-10 -1.24997678e-09],[1.01736307 1.01736307 1.01736307],0.27850312,1.4085759,[-0.2740482   0.31733838 -0.3673613   0.4290983  -0.3752256   0.6247744 ],[0. 0. 0.],15634,Apartment,Triangle,[0.01058619 0.04691639 0.02886319],"[[ 1.00000000e+00 -1.21214466e-09 -8.94199887e-10]
 [-8.94199880e-10  5.25769089e-09 -1.00000000e+00]
 [-1.21214467e-09 -1.00000000e+00 -5.25769103e-09]]",[0.01981087 0.08203654 0.01749234],"[[ 1.00000000e+00  1.37671539e-05  1.12231376e-07]
 [ 1.37671396e-05 -9.99999992e-01  1.25904701e-04]
 [-1.13964724e-07  1.25904699e-04  9.99999992e-01]]","[np.float64(664.2756907957745), np.float64(997.6619776192382), np.float64(382.09577470555115)]","[np.float32(4.4003315), np.float32(28.064482), np.float32(145.36934)]"
36,../normshapes/Apartment/m464.obj,../shapes/Apartment/m464.obj,8000,[ 1.09896291e-10  3.77115569e-10 -3.37016536e-09],[ 1.09896291e-10  3.77115569e-10 -3.37016536e-09],[1.05237317 1.05237317 1.05237317],0.26507068,1.094734,[-0.14323291  0.14381589 -0.16864942  0.17200533 -0.47983375  0.52016616],[0. 0. 0.],12548,Apartment,Triangle,[0.00410747 0.00482239 0.07541634],"[[ 1.00000000e+00  1.25079029e-09  9.02726700e-12]
 [ 1.25079029e-09 -1.00000000e+00  1.96926673e-10]
 [-9.02726725e-12  1.96927030e-10  1.00000000e+00]]",[0.07040255 0.00423079 0.00360357],"[[ 6.31856685e-04 -9.99980760e-01  6.17085445e-03]
 [-9.99999643e-01 -6.35301908e-04 -5.56361342e-04]
 [-5.60270993e-04  6.17050071e-03  9.99980805e-01]]","[np.float64(486.272187967318), np.float64(4564.832324137463), np.float64(375.7603688804681)]","[np.float32(0.04649664), np.float32(0.07550229), np.float32(24.79512)]"
37,../normshapes/Apartment/m465.obj,../shapes/Apartment/m465.obj,8000,[4.94142341e-10 6.36451659e-10 1.30210628e-09],[4.94142341e-10 6.36451659e-10 1.30210628e-09],[-1.05140865 -1.05140865 -1.05140865],0.26655316,1.0545716,[-0.08759541  0.12274145 -0.08667044  0.17386703 -0.50651085  0.4934891 ],[0. 0. 0.],15708,Apartment,Triangle,[0.002101  0.0806492 0.0049887],"[[ 1.00000000e+00 -4.55999806e-10 -2.86115586e-09]
 [-2.86115586e-09 -3.34518489e-10 -1.00000000e+00]
 [-4.55999805e-10 -1.00000000e+00  3.34518442e-10]]",[0.09614349 0.00234548 0.00379571],"[[-0.04645824  0.73662715 -0.67470147]
 [ 0.99748707 -0.00195752 -0.07082163]
 [ 0.05348988  0.67629624  0.73468512]]","[np.float64(107.67796168421428), np.float64(2089.7316498727005), np.float64(64.59095406840453)]","[np.float32(3.78801), np.float32(26.248003), np.float32(2.1817539)]"
38,../normshapes/AquaticAnimal/m53.obj,../shapes/AquaticAnimal/m53.obj,7992,[4.20487327e-10 7.93274861e-10 2.57451730e-09],[4.20487327e-10 7.93274861e-10 2.57451730e-09],[1.04970026 1.04970026 1.04970026],0.24100746,1.0638595,[-0.04947503  0.07719468 -0.17303437  0.16718896 -0.35084644  0.6491536 ],[0. 0. 0.],15757,AquaticAnimal,Triangle,[0.00090045 0.0662601  0.00458375],"[[ 1.00000000e+00 -4.23477908e-09 -6.65585595e-10]
 [-6.65585588e-10  1.59860279e-09 -1.00000000e+00]
 [-4.23477908e-09 -1.00000000e+00 -1.59860279e-09]]",[0.0499066  0.00080309 0.00467619],"[[ 0.08217031  0.99657829 -0.00893045]
 [ 0.04400344  0.00532412  0.99901719]
 [-0.99564639  0.08248252  0.04341538]]","[np.float64(397.0645145504711), np.float64(1170.9561038905981), np.float64(16954.051038836642)]","[np.float32(1.962496), np.float32(6.174331), np.float32(212.11867)]"
39,../normshapes/AquaticAnimal/m54.obj,../shapes/AquaticAnimal/m54.obj,7999,[-5.26060252e-10 -1.10987688e-10 -1.14909920e-09],[-5.26060252e-10 -1.10987688e-10 -1.14909920e-09],[1.03461707 1.03461707 1.03461707],0.24944256,1.0805275,[-0.07732029  0.1104648  -0.17753755  0.18616073 -0.35347927  0.64652073],[0. 0. 0.],15166,AquaticAnimal,Triangle,[0.0018099  0.07153063 0.00445427],"[[ 1.00000000e+00 -2.15734724e-09 -3.05344761e-09]
 [-3.05344761e-09 -1.90486111e-11 -1.00000000e+00]
 [-2.15734724e-09 -1.00000000e+00  1.90483828e-11]]",[0.06749693 0.00157093 0.0044008 ],"[[ 0.15804306  0.97981667  0.12239968]
 [-0.01619696 -0.12136847  0.99247537]
 [-0.98729937  0.15883635  0.00331139]]","[np.float64(838.2853741182503), np.float64(1173.9213030960639), np.float64(16225.261588686657)]","[np.float32(4.880119), np.float32(7.839894), np.float32(324.13446)]"
40,../normshapes/AquaticAnimal/m55.obj,../shapes/AquaticAnimal/m55.obj,7997,[ 2.56189351e-10 -4.72390206e-10 -2.74329839e-09],[ 2.56189351e-10 -4.72390206e-10 -2.74329839e-09],[-1.04999626 -1.04999626 -1.04999626],0.2535311,1.0798254,[-0.07191892  0.09221868 -0.18510929  0.18782744 -0.3479721   0.6520279 ],[0. 0. 0.],15757,AquaticAnimal,Triangle,[0.00130023 0.07385983 0.00445464],"[[ 1.00000000e+00  8.86502070e-10 -1.70914589e-09]
 [ 1.70914589e-09 -2.48888773e-10  1.00000000e+00]
 [-8.86502069e-10  1.00000000e+00  2.48888921e-10]]",[0.05669037 0.00118698 0.00413497],"[[ 0.0615859   0.99809744 -0.00294422]
 [ 0.01668159 -0.00397871 -0.99985294]
 [ 0.99796237 -0.06152773  0.01689488]]","[np.float64(369.7414535376221), np.float64(1324.9438134951183), np.float64(19325.178322041706)]","[np.float32(1.9696105), np.float32(3.0021582), np.float32(301.82532)]"
41,../normshapes/AquaticAnimal/m56.obj,../shapes/AquaticAnimal/m56.obj,5814,[-1.73317579e-11 -7.47561939e-11 -5.13617031e-10],[-1.73317579e-11 -7.47561939e-11 -5.13617031e-10],[1.05549359 1.05549359 1.05549359],0.22328968,1.0741339,[-0.07558134  0.07635769 -0.15019667  0.21129748 -0.27630728  0.7236928 ],[0. 0. 0.],11470,AquaticAnimal,Triangle,[0.00102888 0.00375955 0.05999162],"[[-1.00000000e+00  2.49730462e-10 -8.56946620e-12]
 [ 2.49730462e-10  1.00000000e+00 -4.40341106e-10]
 [-8.56946609e-12  4.40341023e-10  1.00000000e+00]]",[0.00092353 0.00337462 0.05384921],"[[ 9.99963163e-01  8.58243737e-03  1.19653977e-04]
 [ 8.57948928e-03 -9.99839207e-01  1.57465206e-02]
 [-2.54778265e-04  1.57449140e-02  9.99876009e-01]]","[np.float64(112.83191303497688), np.float64(355.4338975262201), np.float64(6210.560648116606)]","[np.float32(0.039848775), np.float32(8.6768675), np.float32(230.22958)]"
42,../normshapes/AquaticAnimal/m57.obj,../shapes/AquaticAnimal/m57.obj,7999,[ 1.37981654e-10  2.00527720e-10 -2.10708058e-09],[ 1.37981654e-10  2.00527720e-10 -2.10708058e-09],[1.0459795 1.0459795 1.0459795],0.23939307,1.0773057,[-0.0613552   0.06307413 -0.1898327   0.19109347 -0.34752545  0.6524745 ],[0. 0. 0.],15819,AquaticAnimal,Triangle,[0.00075548 0.06422851 0.00561037],"[[ 1.00000000e+00 -1.31491483e-11  1.19431355e-10]
 [-1.19431355e-10  7.74883491e-10  1.00000000e+00]
 [ 1.31491484e-11  1.00000000e+00 -7.74883498e-10]]",[0.00068347 0.05013035 0.00591201],"[[-9.99998930e-01 -1.84669139e-04  1.45138392e-03]
 [-1.43903029e-03 -5.49999465e-02 -9.98485320e-01]
 [-2.64215463e-04  9.98486340e-01 -5.49996219e-02]]","[np.float64(285.332467901635), np.float64(1510.0921575860268), np.float64(18142.357939306545)]","[np.float32(0.1493854), np.float32(7.298514), np.float32(216.54384)]"
43,../normshapes/AquaticAnimal/m58.obj,../shapes/AquaticAnimal/m58.obj,5108,[-6.85033973e-11 -9.60222000e-11 -2.96362801e-10],[-6.85033973e-11 -9.60222000e-11 -2.96362801e-10],[-1.05263638 -1.05263638 -1.05263638],0.27549815,1.2348434,[-0.2596049   0.26889953 -0.19352488  0.3019762  -0.45295185  0.5470481 ],[0. 0. 0.],10212,AquaticAnimal,Triangle,[0.0112944  0.014099   0.05916397],"[[ 1.00000000e+00 -3.22283571e-08 -1.27067708e-09]
 [-3.22283571e-08 -1.00000000e+00  1.35865848e-09]
 [ 1.27067712e-09  1.35865859e-09  1.00000000e+00]]",[0.06708743 0.01341134 0.0145742 ],"[[ 0.06647565 -0.99757241 -0.02074301]
 [-0.05791818  0.01689609 -0.99817834]
 [-0.99610565 -0.06755595  0.0566544 ]]","[np.float64(85.04154905671535), np.float64(64.57235699003427), np.float64(292.62257953023516)]","[np.float32(4.875445), np.float32(14.309983), np.float32(77.04441)]"
44,../normshapes/AquaticAnimal/m59.obj,../shapes/AquaticAnimal/m59.obj,5070,[-4.38095256e-11  3.43739217e-11  2.30517262e-10],[-4.38095256e-11  3.43739217e-11  2.30517262e-10],[-1.0524559 -1.0524559 -1.0524559],0.22704913,1.0433662,[-0.10524447  0.10524664 -0.10442568  0.10606517 -0.4988986   0.50110143],[0. 0. 0.],202720,AquaticAnimal,Triangle,[0.00164948 0.06250541 0.00172072],"[[ 1.00000000e+00 -1.50557962e-11 -6.60986964e-09]
 [-6.60986964e-09 -2.57600518e-11 -1.00000000e+00]
 [-1.50557960e-11 -1.00000000e+00  2.57598911e-11]]",[0.00145433 0.07700169 0.00172103],"[[ 1.00000000e+00  1.64000598e-18 -8.23989416e-18]
 [ 0.00000000e+00 -8.17786470e-17  1.00000000e+00]
 [ 0.00000000e+00  1.00000000e+00  4.43330964e-17]]","[np.float64(28.17929777777783), np.float64(28.333429688889), np.float64(553.6544444444464)]","[np.float32(0.057073727), np.float32(0.6220197), np.float32(850.5606)]"
45,../normshapes/AquaticAnimal/m60.obj,../shapes/AquaticAnimal/m60.obj,5635,[-1.11439631e-11  1.14434609e-10 -1.65997067e-10],[-1.11439631e-11  1.14434609e-10 -1.65997067e-10],[1.05235755 1.05235755 1.05235755],0.23706022,1.1305797,[-0.17030609  0.1703147  -0.19622983  0.20649593 -0.43405768  0.56594235],[0. 0. 0.],11266,AquaticAnimal,Triangle,[0.00210576 0.06087573 0.00707469],"[[ 1.00000000e+00  2.31226179e-11 -2.05448173e-10]
