Unnamed: 0.3,Unnamed: 0.2,Unnamed: 0.1,Unnamed: 0,Path,Vertices,CenterOfMass,Means,Scaling,AverageSize,DiagonalSize,Bounds,Position,Cells,Class,Type,Eigenvalue,Eigenvectors,Vertices_bin,Source
3,3,3,3,../shapes\AircraftBuoyant\m1340.obj,778,[0.19554008 0.3116706  0.1938877 ],[0.19553997 0.31167057 0.19388752],[1. 1. 1.],0.25349468,1.066475287734142,[0.025    0.367686 0.025    0.975    0.025    0.367689],[0. 0. 0.],1457,AircraftBuoyant,Triangle,[0.08524597 0.00322742 0.00317761],"[[ 0.00116887  0.99997913 -0.00635391]
 [ 0.99999145 -0.00119405 -0.00395971]
 [ 0.00396722  0.00634922  0.99997197]]","(177.999, 778.0]",Subset
4,4,4,4,../shapes\AircraftBuoyant\m1341.obj,425,[0.20235557 0.39406215 0.20228764],[0.20235543 0.39406213 0.2022876 ],[1. 1. 1.],0.27919862,1.0742192343342958,[0.025    0.379575 0.025    0.975    0.025    0.379575],[0. 0. 0.],824,AircraftBuoyant,Triangle,[0.08771655 0.00299744 0.00286422],"[[-2.07843352e-04 -9.99999978e-01  1.48961295e-06]
 [-9.99999978e-01  2.07843352e-04 -1.29210812e-08]
 [-1.26114748e-08  1.48961560e-06  1.00000000e+00]]","(177.999, 778.0]",Subset
2,2,2,2,../shapes\AircraftBuoyant\m1339.obj,1878,[0.31299033 0.35299274 0.32617148],[0.3129901  0.35299188 0.32617152],[1. 1. 1.],0.23194091,1.266288125186149,[0.025    0.607072 0.025    0.975    0.025    0.626812],[0. 0. 0.],6173,AircraftBuoyant,Triangle,[0.06554274 0.00866799 0.00892623],"[[ 0.00532142  0.9999363   0.00995386]
 [ 0.99998422 -0.00533906  0.00174674]
 [-0.00179977 -0.0099444   0.99994893]]","(778.0, 1878.0]",Subset
13,13,13,13,../shapes\AircraftBuoyant\m1350.obj,1097,[0.38388216 0.15815833 0.07356281],[0.38388136 0.15815854 0.07356288],[1. 1. 1.],0.15819034,1.0255911185049993,[0.025    0.975    0.025    0.291317 0.025    0.305022],[0. 0. 0.],1976,AircraftBuoyant,Triangle,[0.03387364 0.00393676 0.00603303],"[[-9.91325458e-01 -1.31429970e-01  1.10155605e-07]
 [-5.73168086e-08 -4.05813027e-07 -1.00000000e+00]
 [-1.31429970e-01  9.91325458e-01 -3.94759638e-07]]","(778.0, 1878.0]",Subset
15,15,15,15,../shapes\AircraftBuoyant\m1352.obj,3298,[0.46863493 0.18617714 0.17864334],[0.46863344 0.18617718 0.17864327],[1. 1. 1.],0.27261302,1.0586703243479876,[0.025    0.975    0.025    0.376642 0.025    0.332621],[0. 0. 0.],6348,AircraftBuoyant,Triangle,[0.07047498 0.01012987 0.00495225],"[[ 0.99999658 -0.0023833  -0.00107235]
 [-0.00238531 -0.99999539 -0.0018792 ]
 [ 0.00106786 -0.00188176  0.99999766]]","(1878.0, 12987.0]",Subset
10,10,10,10,../shapes\AircraftBuoyant\m1347.obj,3055,[0.16829789 0.14597533 0.53549427],[0.168298   0.14597483 0.5354932 ],[1. 1. 1.],0.23679827,1.068105537472282,[0.025    0.312086 0.025    0.419881 0.025    0.975   ],[0. 0. 0.],6274,AircraftBuoyant,Triangle,[0.00287793 0.01239918 0.06318696],"[[-9.99975853e-01  6.93630817e-03 -4.25818242e-04]
 [ 6.94043811e-03  9.99919568e-01 -1.06154395e-02]
 [-3.52152033e-04  1.06181385e-02  9.99943564e-01]]","(1878.0, 12987.0]",Subset
30,30,30,30,../shapes\Apartment\D00792.obj,1327,[ 0.3876649   0.20067655 -0.06582132],[ 0.38766468  0.20067622 -0.06582134],[1. 1. 1.],0.5146255,3.108331509101245,[-0.795163  1.10354  -0.965409  0.963376 -0.669296  0.859246],[0. 0. 0.],1158,Apartment,Triangle,[0.17266151 0.09694567 0.04606576],"[[-0.46062879  0.80958936 -0.36384912]
 [ 0.88372963  0.38011416 -0.2730113 ]
 [ 0.08272284  0.44730111  0.89054963]]","(1293.999, 4876.0]",Subset
31,31,31,31,../shapes\Apartment\D00859.obj,1378,[ 0.1700617  -0.11609521  0.02780441],[ 0.17006175 -0.1160955   0.0278044 ],[1. 1. 1.],0.57007825,2.3656642913543737,[-0.824176  1.07379  -0.692473  0.611025 -0.33128   0.211846],[0. 0. 0.],2163,Apartment,Triangle,[0.25744909 0.0989198  0.01868207],"[[ 0.9947761   0.10152261 -0.0106614 ]
 [ 0.100254   -0.99130078 -0.08527538]
 [ 0.01922603 -0.08376106  0.99630038]]","(1293.999, 4876.0]",Subset
19,19,19,19,../shapes\Apartment\D00156.obj,12732,[-0.03008283  0.19995087 -0.04225052],[-0.03008277  0.19995105 -0.04225054],[1. 1. 1.],0.6577403,2.631835668113528,[-0.81948   0.881168 -0.742071  0.842832 -0.667138  0.566733],[0. 0. 0.],19380,Apartment,Triangle,[0.23687052 0.19412456 0.02931208],"[[ 0.96834428  0.24787906  0.02941638]
 [ 0.24955814 -0.96395407 -0.09226745]
 [-0.00548487 -0.09668775  0.99529965]]","(4876.0, 12805.333]",Subset
18,18,18,18,../shapes\Apartment\D00138.obj,10827,[-0.07477229 -0.16899284  0.06729904],[-0.07477233 -0.16899247  0.06729925],[1. 1. 1.],0.18904723,2.003668908791437,[-0.782682  0.776339 -0.514535  0.633157 -0.317783  0.198885],[0. 0. 0.],21140,Apartment,Triangle,[0.04053749 0.00691138 0.01949903],"[[-9.99477518e-01 -3.23201586e-02  3.12140538e-04]
 [-4.84729086e-04  2.46447281e-02  9.99696155e-01]
 [ 3.23180309e-02 -9.99173681e-01  2.46475182e-02]]","(4876.0, 12805.333]",Subset
17,17,17,17,../shapes\Apartment\D00086.obj,20493,[ 0.0117032  -0.07538239 -0.04032096],[ 0.01170322 -0.07538249 -0.04032103],[1. 1. 1.],0.42838374,2.5434699710574,[-0.920883  0.863162 -0.343487  1.32482  -0.415469  0.293879],[0. 0. 0.],42064,Apartment,Triangle,[0.17361445 0.04179797 0.01156898],"[[ 0.99634248  0.08495874  0.00914742]
 [ 0.08435384 -0.99500204  0.05343571]
 [-0.01364153  0.05246865  0.99852939]]","(12805.333, 73184.0]",Subset
32,32,32,32,../shapes\Apartment\D00860.obj,19857,[ 0.06179465 -0.06686338 -0.01681445],[ 0.06179456 -0.06686355 -0.01681422],[1. 1. 1.],0.58261037,2.250677309054385,[-0.764923  0.927037 -0.760034  0.399913 -0.474753  0.451175],[0. 0. 0.],25206,Apartment,Triangle,[0.22955209 0.08497148 0.04703554],"[[ 0.9980322   0.05509266  0.02994196]
 [ 0.0592148  -0.98516366 -0.16107818]
 [-0.02062351 -0.16253422  0.98648735]]","(12805.333, 73184.0]",Subset
56,56,56,56,../shapes\AquaticAnimal\m70.obj,320,[0.23972651 0.09855128 0.60813349],[0.23972642 0.09855132 0.6081334 ],[1. 1. 1.],0.25417084,1.0700537165694992,[0.025    0.454415 0.025    0.266076 0.025    0.975   ],[0. 0. 0.],560,AquaticAnimal,Triangle,[0.07628209 0.00479749 0.00165825],"[[ 3.46294999e-04  9.99997497e-01 -2.21057301e-03]
 [ 9.87002580e-03  2.20704753e-03  9.99948854e-01]
 [-9.99951230e-01  3.68095700e-04  9.86923681e-03]]","(43.999, 323.667]",Subset
59,59,59,59,../shapes\AquaticAnimal\m73.obj,285,[0.4612261  0.2701536  0.20001645],[0.46122614 0.2701536  0.20001648],[1. 1. 1.],0.32917947,1.1700709415380086,[0.025    0.975    0.025    0.610865 0.025    0.376181],[0. 0. 0.],564,AquaticAnimal,Triangle,[0.10172234 0.01648472 0.0042793 ],"[[ 9.99010901e-01 -4.44516650e-02 -1.12619007e-03]
 [-4.44516925e-02 -9.99011535e-01  6.18719132e-07]
 [ 1.12510437e-03 -4.94429474e-05  9.99999366e-01]]","(43.999, 323.667]",Subset
66,66,66,66,../shapes\AquaticAnimal\m80.obj,1104,[0.50281032 0.11825161 0.18376995],[0.5028103  0.11825162 0.18376987],[1. 1. 1.],0.25333422,1.0658196012804333,[0.025    0.975    0.025    0.308883 0.025    0.416001],[0. 0. 0.],2104,AquaticAnimal,Triangle,[0.06814064 0.00487357 0.00330688],"[[ 0.98597402  0.16264879 -0.0374246 ]
 [ 0.00716541  0.18277593  0.98312848]
 [-0.16674497  0.96960731 -0.17904688]]","(323.667, 1426.0]",Subset
51,51,51,51,../shapes\AquaticAnimal\m65.obj,1004,[0.21253133 0.31948322 0.76287878],[0.21253136 0.31948337 0.7628787 ],[1. 1. 1.],0.17935593,1.174273189191106,[0.025    0.399816 0.025    0.604595 0.025    0.975   ],[0. 0. 0.],1930,AquaticAnimal,Triangle,[0.00212332 0.03030042 0.00766154],"[[-9.99998617e-01 -6.98283511e-04 -1.50970073e-03]
 [-1.38168493e-03 -1.56641092e-01  9.87654625e-01]
 [ 9.26144111e-04 -9.87655345e-01 -1.56639911e-01]]","(323.667, 1426.0]",Subset
53,53,53,53,../shapes\AquaticAnimal\m67.obj,14000,[0.56885554 0.13235448 0.18700061],[0.56885374 0.13235492 0.18700044],[1. 1. 1.],0.2776219,1.0418624798299814,[0.025    0.975    0.025    0.2497   0.025    0.388988],[0. 0. 0.],27996,AquaticAnimal,Triangle,[0.07938266 0.00822952 0.00092245],"[[ 0.99996732  0.00761113 -0.00272676]
 [ 0.0027759  -0.00645299  0.99997533]
 [-0.00759335  0.99995021  0.00647391]]","(1426.0, 19505.0]",Subset
41,41,41,41,../shapes\AquaticAnimal\m55.obj,19505,[0.09274598 0.17740759 0.68372766],[0.09274594 0.17740712 0.68372744],[1. 1. 1.],0.22373748,1.026218370569297,[0.025    0.18151  0.025    0.380146 0.025    0.975   ],[0. 0. 0.],37072,AquaticAnimal,Triangle,[0.05669037 0.00118698 0.00413497],"[[ 0.0615859   0.99809744 -0.00294422]
 [ 0.01668159 -0.00397871 -0.99985294]
 [ 0.99796237 -0.06152773  0.01689488]]","(1426.0, 19505.0]",Subset
83,83,83,83,../shapes\Bed\D00735.obj,453,[-0.13221454  0.1241256   0.04714398],[-0.13221453  0.12412558  0.04714396],[1. 1. 1.],0.48421863,2.3951179128341904,[-0.644923  1.11344  -0.684425  0.73777  -0.312594  0.476146],[0. 0. 0.],684,Bed,Triangle,[0.22168637 0.11605561 0.01230235],"[[ 0.97562333 -0.21766995 -0.02790903]
 [-0.21428134 -0.97234515  0.09288932]
 [ 0.04735643  0.08464461  0.99528522]]","(362.999, 1317.333]",Subset
93,93,93,93,../shapes\Bed\m950.obj,437,[0.39720744 0.44493801 0.49997185],[0.3972077  0.44493774 0.49997178],[1. 1. 1.],0.63385785,1.4844177333930204,[0.025    0.769384 0.025    0.889227 0.025    0.975   ],[0. 0. 0.],724,Bed,Triangle,[0.09869962 0.13116542 0.17607954],"[[ 9.99999994e-01  1.05306742e-04  3.95075068e-05]
 [ 1.07607740e-04 -9.97972517e-01 -6.36462401e-02]
 [-3.27250278e-05 -6.36462440e-02  9.97972522e-01]]","(362.999, 1317.333]",Subset
75,75,75,75,../shapes\Bed\D00307.obj,2644,[-0.13253326 -0.07024604 -0.01286709],[-0.13253328 -0.07024613 -0.01286708],[1. 1. 1.],0.63912725,2.561521723066482,[-0.820216  0.991699 -0.833938  0.872106 -0.213808  0.392634],[0. 0. 0.],5259,Bed,Triangle,[0.010595   0.22648868 0.24233274],"[[-0.03385267 -0.99648686 -0.0766024 ]
 [-0.03944899 -0.07525431  0.99638374]
 [ 0.99864797 -0.03675214  0.03676284]]","(1317.333, 6611.333]",Subset
82,82,82,82,../shapes\Bed\D00650.obj,3752,[-0.01456413 -0.08215799 -0.07833704],[-0.01456432 -0.08215807 -0.07833708],[1. 1. 1.],0.9017601,2.058126779485919,[-0.863733  0.833154 -0.550605  0.377532 -0.421559  0.282019],[0. 0. 0.],7443,Bed,Triangle,[0.62941292 0.0385588  0.15056232],"[[ 0.99865753 -0.04586831 -0.02406747]
 [-0.02542425 -0.02922961 -0.99924934]
 [-0.0451304  -0.99851977  0.03035653]]","(1317.333, 6611.333]",Subset
78,78,78,78,../shapes\Bed\D00538.obj,7136,[-0.00475788  0.1146729   0.10265701],[-0.00475778  0.11467285  0.10265711],[1. 1. 1.],0.9091634,2.1802635842124527,[-0.838246  0.8386   -0.479658  0.702627 -0.325735  0.411787],[0. 0. 0.],13868,Bed,Triangle,[0.59003774 0.04203848 0.19631938],"[[ 0.99558751  0.05642147  0.07498085]
 [ 0.07730096 -0.04012556 -0.99620003]
 [ 0.05319842 -0.9976004   0.04430994]]","(6611.333, 22063.0]",Subset
85,85,85,85,../shapes\Bed\D00839.obj,16364,[ 0.03929743 -0.17861752  0.07427842],[ 0.03929669 -0.17861785  0.07427839],[1. 1. 1.],0.79635864,2.2976935387679847,[-0.800648  0.864395 -0.877287  0.569772 -0.351917  0.290771],[0. 0. 0.],32648,Bed,Triangle,[0.47163259 0.15703885 0.01431196],"[[ 0.97738133 -0.20774634 -0.03958793]
 [-0.21012691 -0.97511799 -0.0706511 ]
 [ 0.0239254  -0.07737155  0.99671521]]","(6611.333, 22063.0]",Subset
96,96,96,96,../shapes\Bicycle\D00033.obj,2192,[-0.07791179  0.06937241  0.00308441],[-0.07791162  0.06937242  0.00308441],[1. 1. 1.],0.6073794,2.307715589262968,[-1.0652    0.878724 -0.389308  0.704617 -0.281626  0.310015],[0. 0. 0.],4448,Bicycle,Triangle,[0.33885282 0.06559482 0.00291916],"[[ 0.99803251  0.06251182 -0.00483595]
 [ 0.06242685 -0.99791997 -0.01608194]
 [ 0.0058312  -0.0157484   0.99985898]]","(435.999, 3820.0]",Subset
108,108,108,108,../shapes\Bicycle\D00750.obj,3053,[ 0.10905722 -0.06173569  0.07690859],[ 0.10905735 -0.06173575  0.07690858],[1. 1. 1.],0.62554955,2.540483244590149,[-0.811559  1.10338  -0.818838  0.736372 -0.167292  0.439656],[0. 0. 0.],5484,Bicycle,Triangle,[0.32831873 0.00887666 0.09508102],"[[ 0.9968443   0.06500636 -0.04555889]
 [ 0.05078154 -0.08109072  0.99541224]
 [-0.06101372  0.99458457  0.08413595]]","(435.999, 3820.0]",Subset
110,110,110,110,../shapes\Bicycle\D00847.obj,22672,[-0.03267946 -0.0202824   0.00303797],[-0.03267961 -0.0202827   0.00303798],[1. 1. 1.],0.51129967,2.4295995249416267,[-0.932407  0.973915 -0.589276  0.732026 -0.361317  0.361906],[0. 0. 0.],44707,Bicycle,Triangle,[0.2200211  0.07509336 0.00847291],"[[ 0.97378863  0.227295   -0.00852596]
 [ 0.2273665  -0.97168163  0.06433729]
 [-0.00633903  0.06458944  0.99789179]]","(3820.0, 22673.333]",Subset
111,111,111,111,../shapes\Bicycle\D00904.obj,5354,[0.08402949 0.12689448 0.00150127],[0.08402947 0.12689433 0.00150127],[1. 1. 1.],0.59847635,2.310577883510474,[-0.959896  0.953013 -0.599316  0.637406 -0.196088  0.191298],[0. 0. 0.],10548,Bicycle,Triangle,[0.29776572 0.09531344 0.00263736],"[[ 0.99198194  0.12634241  0.00307079]
 [ 0.12632712 -0.99197728  0.00474807]
 [-0.00364604  0.00432208  0.99998401]]","(3820.0, 22673.333]",Subset
113,113,113,113,../shapes\Bicycle\D00931.obj,32603,[-0.04375733  0.10297372 -0.06291257],[-0.04375678  0.10297345 -0.06291253],[1. 1. 1.],0.4902495,2.152935815601242,[-0.920573  0.849829 -0.400919  0.684049 -0.432948  0.135958],[0. 0. 0.],64230,Bicycle,Triangle,[0.21226612 0.06341378 0.00665509],"[[ 0.98330698 -0.17433     0.05211944]
 [-0.16051367 -0.96598822 -0.20273658]
 [-0.08568983 -0.19098641  0.97784531]]","(22673.333, 56754.0]",Subset
109,109,109,109,../shapes\Bicycle\D00838.obj,23397,[ 0.01311708  0.00751193 -0.0051244 ],[ 0.01311696  0.00751192 -0.00512439],[1. 1. 1.],0.52300715,2.3327879153101256,[-0.942974  0.971944 -0.638045  0.560247 -0.298061  0.284249],[0. 0. 0.],45925,Bicycle,Triangle,[0.24362526 0.07034634 0.00342274],"[[ 0.98591559  0.16722289  0.00263893]
 [ 0.16721687 -0.98591732  0.00235575]
 [-0.0029957   0.0018813   0.99999374]]","(22673.333, 56754.0]",Subset
155,155,155,155,../shapes\Biplane\m1133.obj,624,[0.27237343 0.50006169 0.19097073],[0.27237374 0.50006145 0.19097051],[1. 1. 1.],0.22627227,1.2405919641676495,[0.025    0.769747 0.025    0.975    0.025    0.311217],[0. 0. 0.],1024,Biplane,Triangle,[0.04716856 0.00391907 0.01927655],"[[-9.98745757e-01  5.00689334e-02  1.20886039e-04]
 [ 1.24714175e-04  7.33332233e-05  9.99999990e-01]
 [-5.00689241e-02 -9.98745762e-01  7.94855514e-05]]","(263.999, 875.667]",Subset
147,147,147,147,../shapes\Biplane\m1124.obj,390,[0.27560516 0.49962668 0.14729012],[0.27560514 0.49962676 0.14729007],[1. 1. 1.],0.2342146,1.148394593198319,[0.025    0.633082 0.025    0.975    0.025    0.240746],[0. 0. 0.],572,Biplane,Triangle,[0.00201574 0.0385104  0.03212752],"[[-1.36153752e-02  9.99857556e-01 -9.97446479e-03]
 [-4.37154684e-04  9.96943621e-03  9.99950208e-01]
 [-9.99907211e-01 -1.36190577e-02 -3.01354799e-04]]","(263.999, 875.667]",Subset
121,121,121,121,../shapes\Biplane\D00069.obj,3242,[-0.07985911 -0.0969623   0.01932961],[-0.07985915 -0.0969622   0.01932962],[1. 1. 1.],0.4217867,2.243805524117529,[-1.06342   0.905137 -0.446842  0.553446 -0.198847  0.199738],[0. 0. 0.],6326,Biplane,Triangle,[0.11319739 0.01443571 0.08909413],"[[ 0.99994821 -0.01009863  0.00126393]
 [-0.00101789  0.0243319   0.99970342]
 [ 0.01012639  0.99965293 -0.02432036]]","(875.667, 6195.333]",Subset
165,165,165,165,../shapes\Biplane\m1146.obj,1700,[0.45669521 0.09253629 0.53583195],[0.45669496 0.09253635 0.5358368 ],[1. 1. 1.],0.14193104,1.317647421471421,[0.025   0.88836 0.025   0.32216 0.025   0.975  ],[0. 0. 0.],3016,Biplane,Triangle,[0.01103001 0.02268628 0.0006983 ],"[[ 9.99999990e-01 -1.40604962e-04  3.02195232e-05]
 [ 4.07567164e-05  7.55561802e-02 -9.97141546e-01]
 [-1.37919777e-04 -9.97141537e-01 -7.55561851e-02]]","(875.667, 6195.333]",Subset
131,131,131,131,../shapes\Biplane\D00490.obj,24998,[ 0.0790611  -0.06882874  0.00600877],[ 0.07906128 -0.06882896  0.00600886],[1. 1. 1.],0.44668588,2.275927608380371,[-0.858495  0.970724 -0.555024  0.710541 -0.26707   0.214749],[0. 0. 0.],46318,Biplane,Triangle,[0.14301776 0.08599932 0.0108647 ],"[[ 0.38438299  0.92311905 -0.01004698]
 [ 0.92280847 -0.38390205  0.03230692]
 [-0.02596607  0.02168967  0.9994275 ]]","(6195.333, 65722.0]",Subset
125,125,125,125,../shapes\Biplane\D00246.obj,14082,[ 0.00877981 -0.03766056  0.01681627],[ 0.00877967 -0.03766051  0.01681641],[1. 1. 1.],0.2578726,2.2586463213113936,[-0.984595  0.998878 -0.395955  0.632082 -0.193048  0.139304],[0. 0. 0.],9353,Biplane,Triangle,[0.0769772  0.0267322  0.00418181],"[[ 9.99181979e-01  4.04186001e-02 -1.30774189e-03]
 [ 4.04302091e-02 -9.99126204e-01  1.05937083e-02]
 [ 8.78416332e-04  1.06379147e-02  9.99943030e-01]]","(6195.333, 65722.0]",Subset
166,166,166,166,../shapes\Bird\D00089.obj,233,[-0.19031002 -0.0385117  -0.06918203],[-0.19031005 -0.0385117  -0.06918201],[1. 1. 1.],0.43310583,2.272784150468972,[-1.16401   0.785119 -0.562623  0.507858 -0.314817  0.154772],[0. 0. 0.],462,Bird,Triangle,[0.1681625  0.05315518 0.02045823],"[[ 0.99999109 -0.00372157  0.0019915 ]
 [-0.00353039 -0.99605696 -0.08864576]
 [-0.00231355 -0.08863794  0.99606122]]","(40.999, 594.333]",Subset
204,204,204,204,../shapes\Bird\m47.obj,101,[0.46271554 0.10376297 0.50037699],[0.46271542 0.10376297 0.50037706],[1. 1. 1.],0.19405879,1.169462987384114,[0.025    0.695803 0.025    0.148154 0.025    0.975   ],[0. 0. 0.],165,Bird,Triangle,[0.02138881 0.00079536 0.02945557],"[[-9.99980859e-01  6.18649972e-03 -9.79619722e-05]
 [ 6.18633738e-03  9.99979618e-01  1.57877625e-03]
 [-1.07727074e-04 -1.57814001e-03  9.99998749e-01]]","(40.999, 594.333]",Subset
194,194,194,194,../shapes\Bird\m36.obj,1289,[0.54145641 0.1968562  0.54987014],[0.5414564  0.19685614 0.5498705 ],[1. 1. 1.],0.2632622,1.5370717198133612,[0.025    0.944541 0.025    0.808922 0.025    0.975   ],[0. 0. 0.],2503,Bird,Triangle,[0.05827045 0.00908958 0.00600302],"[[ 0.05908143 -0.99544192 -0.07486495]
 [-0.51045659  0.03432328 -0.85921824]
 [-0.85787147 -0.08897915  0.50610202]]","(594.333, 1816.667]",Subset
181,181,181,181,../shapes\Bird\D00762.obj,950,[-0.2212756   0.13272609 -0.1092906 ],[-0.2212756   0.13272604 -0.10929067],[1. 1. 1.],0.40443128,2.480124454456,[-1.0453    0.749594 -0.723664  0.858881 -0.387123  0.264739],[0. 0. 0.],1896,Bird,Triangle,[0.02770784 0.08365604 0.09098707],"[[-0.07431567  0.99041142 -0.11645774]
 [ 0.22764026  0.13054544  0.96495482]
 [-0.9709053  -0.04520079  0.23515908]]","(594.333, 1816.667]",Subset
170,170,170,170,../shapes\Bird\D00271.obj,12813,[-0.24979787 -0.03357241 -0.04463066],[-0.24979809 -0.03357234 -0.04463063],[1. 1. 1.],0.47609282,2.350727787882541,[-1.17434   0.735516 -0.67701   0.633247 -0.192772  0.20922 ],[0. 0. 0.],24753,Bird,Triangle,[0.09655686 0.15221999 0.01063064],"[[-0.99795938  0.0552467  -0.03201379]
 [ 0.05396276  0.99775461  0.0396707 ]
 [-0.03413358 -0.03786219  0.99869983]]","(1816.667, 16542.0]",Subset
167,167,167,167,../shapes\Bird\D00113.obj,15871,[-0.22441991  0.12211931  0.1071054 ],[-0.22442049  0.12211964  0.10710564],[1. 1. 1.],0.5789517,2.5734934410825345,[-0.989781  0.729676 -0.565778  0.957181 -0.557952  0.602622],[0. 0. 0.],31702,Bird,Triangle,[0.19256188 0.13327214 0.04264508],"[[ 0.17620271 -0.9836057  -0.03837237]
 [-0.98431392 -0.17641295  0.00213707]
 [ 0.00887142 -0.0373939   0.99926122]]","(1816.667, 16542.0]",Subset
215,215,215,215,../shapes\Bookset\D01050.obj,140,[0.16608897 0.15256474 0.1203733 ],[0.16608895 0.15256464 0.12037329],[1. 1. 1.],0.18622963,0.5112382472693228,[0.       0.275274 0.       0.28956  0.       0.318973],[0. 0. 0.],780,Bookset,Triangle,[0.00533155 0.01666812 0.0146953 ],"[[-0.97909287 -0.20306848  0.01184687]
 [-0.10376698  0.44852217 -0.88772759]
 [-0.17495591  0.87039707  0.46021666]]","(109.999, 271.333]",Subset
225,225,225,225,../shapes\Bookset\D01182.obj,188,[-0.0228914   0.07404049  0.10737686],[-0.02289139  0.07404052  0.10737689],[1. 1. 1.],0.14245172,0.3808522112956495,[-0.108086  0.072563  0.013947  0.246285  0.        0.24173 ],[0. 0. 0.],1020,Bookset,Triangle,[0.00194003 0.00655794 0.01263627],"[[-0.93401264  0.34207152 -0.10299251]
 [ 0.35303184  0.92793996 -0.11956566]
 [-0.05467086  0.14803547  0.9874698 ]]","(109.999, 271.333]",Subset
216,216,216,216,../shapes\Bookset\D01065.obj,360,[3.67882266 0.54069853 0.13212744],[3.678825   0.5406976  0.13212745],[1. 1. 1.],0.21253294,0.6327883668749879,"[ 3.387116e+00  3.888541e+00  4.483350e-01  7.142410e-01 -4.000000e-04
  2.794000e-01]",[0. 0. 0.],918,Bookset,Triangle,[0.01950358 0.01553979 0.01263651],"[[ 0.80951368 -0.58621354  0.03226892]
 [-0.02349791  0.02256841  0.99946912]
 [ 0.58663059  0.80984218 -0.00449464]]","(271.333, 1099.0]",Subset
214,214,214,214,../shapes\Bookset\D01042.obj,668,[-1.87907759  0.84058245  0.00855089],[-1.8790641   0.8405823   0.00855089],[1. 1. 1.],0.08289909,0.4205554221072883,[-1.910849 -1.673169  0.678389  0.885973 -0.056548  0.221452],[0. 0. 0.],2373,Bookset,Triangle,[0.00680619 0.00149186 0.0032743 ],"[[-0.59473913  0.67817922 -0.43169238]
 [ 0.5094645   0.73334003  0.45017588]
 [-0.62187723 -0.04780527  0.78165425]]","(271.333, 1099.0]",Subset
223,223,223,223,../shapes\Bookset\D01135.obj,1645,[4.80657467 2.79129692 2.52166573],[4.806576  2.7912972 2.521684 ],[1. 1. 1.],3.9841533,12.525640271021857,"[-3.2108301e-01  1.0181497e+01 -2.1540400e-01  4.3812661e+00
 -9.3470002e-03  5.0362558e+00]",[0. 0. 0.],10185,Bookset,Triangle,[1.54731641 9.1442887  6.23213545],"[[-0.17582817 -0.98412026  0.02432614]
 [-0.98441857  0.17572058 -0.00650846]
 [-0.00213051  0.02509147  0.99968289]]","(1099.0, 2694.0]",Subset
213,213,213,213,../shapes\Bookset\D01038.obj,2208,[5.05777106 3.98460039 0.55373597],[5.057733  3.9846005 0.5537338],[1. 1. 1.],0.2949911,1.0569363908795006,[4.969709 5.194114 3.424974 4.391839 0.37465  0.73787 ],[0. 0. 0.],14844,Bookset,Triangle,[0.00789832 0.02324809 0.06658495],"[[-0.9980497  -0.06231042  0.00376975]
 [-0.0012716  -0.04008317 -0.99919554]
 [-0.0624114   0.9972516  -0.03992576]]","(1099.0, 2694.0]",Subset
244,244,244,244,../shapes\Bottle\D00711.obj,192,[0.16490112 0.027985   0.00494025],[0.1649011  0.02798502 0.00494026],[1. 1. 1.],0.7844699,2.2413542312471737,[-0.859195  1.04485  -0.381496  0.461388 -0.401455  0.427899],[0. 0. 0.],336,Bottle,Triangle,[0.55981873 0.0491924  0.04919239],"[[-0.99944372  0.03236473  0.00804771]
 [ 0.03000054  0.97789324 -0.2069415 ]
 [ 0.0145674   0.20658495  0.97832022]]","(132.999, 544.0]",Subset
259,259,259,259,../shapes\Bottle\m491.obj,544,[0.2875586  0.53375973 0.23670126],[0.28755838 0.53375924 0.23670135],[1. 1. 1.],0.3085885,1.1711914307699236,[0.025    0.549945 0.025    0.975    0.025    0.465025],[0. 0. 0.],997,Bottle,Triangle,[0.01766528 0.01431882 0.0731941 ],"[[ 9.99949843e-01  1.00072667e-02 -4.06513983e-04]
 [ 5.05803655e-05 -4.56336715e-02 -9.98958240e-01]
 [ 1.00153923e-02 -9.98908115e-01  4.56318888e-02]]","(132.999, 544.0]",Subset
236,236,236,236,../shapes\Bottle\D00281.obj,1304,[ 0.17419633 -0.07189078 -0.01373242],[ 0.17419639 -0.07189081 -0.01373243],[1. 1. 1.],0.5403462,1.8599587168441605,[-0.803887  0.904402 -0.328824  0.192929 -0.284716  0.233906],[0. 0. 0.],1764,Bottle,Triangle,[0.34501291 0.01512023 0.01390463],"[[ 9.99886353e-01 -1.49387220e-02 -2.02869140e-03]
 [-1.50720373e-02 -9.93564947e-01 -1.12256538e-01]
 [ 3.38667446e-04 -1.12274357e-01  9.93677188e-01]]","(544.0, 2000.0]",Subset
239,239,239,239,../shapes\Bottle\D00350.obj,569,[ 0.56493048 -0.02121102  0.02491338],[ 0.56493014 -0.02121101  0.02491337],[1. 1. 1.],0.28460053,1.87917168945526,[-0.894669  0.867081 -0.219912  0.226588 -0.214901  0.262761],[0. 0. 0.],921,Bottle,Triangle,[0.14460158 0.00675749 0.00681703],"[[-9.99697193e-01  2.33460381e-02  7.77724899e-03]
 [ 2.45963126e-02  9.57505069e-01  2.87365734e-01]
 [ 7.37903956e-04 -2.87470009e-01  9.57789355e-01]]","(544.0, 2000.0]",Subset
254,254,254,254,../shapes\Bottle\m486.obj,2101,[0.16270704 0.81752309 0.1609511 ],[0.16270685 0.81752384 0.1609508 ],[1. 1. 1.],0.23343271,1.027635735349816,[0.025    0.301499 0.025    0.975    0.025    0.302639],[0. 0. 0.],3894,Bottle,Triangle,[0.08916493 0.00247379 0.00251723],"[[-0.0071344   0.89550556 -0.44499314]
 [ 0.99995801  0.00894859  0.00197623]
 [-0.00575179  0.44496036  0.8955318 ]]","(2000.0, 23142.0]",Subset
246,246,246,246,../shapes\Bottle\D00726.obj,10163,[ 0.45844422 -0.04232626 -0.01435734],[ 0.45844415 -0.04232623 -0.01435731],[1. 1. 1.],0.24577862,2.142897812049307,[-1.36136   0.600657 -0.332344  0.276589 -0.318716  0.290957],[0. 0. 0.],18390,Bottle,Triangle,[0.10533742 0.01354062 0.01183404],"[[ 0.99974739 -0.01957133 -0.01105105]
 [-0.00710261  0.19138549 -0.98148925]
 [-0.02132406 -0.9813198  -0.19119814]]","(2000.0, 23142.0]",Subset
274,274,274,274,../shapes\BuildingNonResidential\m396.obj,445,[0.4484767  0.21878975 0.44669098],[0.44847658 0.21879038 0.4466909 ],[1. 1. 1.],0.37662846,1.5487534999741548,[0.025    0.949627 0.025    0.975    0.025    0.825751],[0. 0. 0.],470,BuildingNonResidential,Triangle,[0.06383165 0.05023776 0.04080841],"[[ 0.49961531  0.83932552  0.21428301]
 [ 0.00217567  0.24615268 -0.96922862]
 [ 0.86624466 -0.48470766 -0.12115555]]","(32.999, 564.667]",Subset
271,271,271,271,../shapes\BuildingNonResidential\m393.obj,241,[0.50214178 0.18664322 0.43324098],[0.5021416  0.18664336 0.43324077],[1. 1. 1.],0.31935346,1.3973720264220606,[0.025    0.975    0.025    0.635937 0.025    0.847742],[0. 0. 0.],326,BuildingNonResidential,Triangle,[0.03137844 0.04313506 0.04236457],"[[ 0.03752925  0.87682184  0.47934853]
 [ 0.99898747 -0.0448295   0.00378897]
 [-0.02481121 -0.47872098  0.87761645]]","(32.999, 564.667]",Subset
293,293,293,293,../shapes\BuildingNonResidential\m418.obj,1576,[0.36904097 0.33619408 0.49990763],[0.36904168 0.3361945  0.49990585],[1. 1. 1.],0.49999946,1.3265136965479285,[0.025    0.713878 0.025    0.643535 0.025    0.975   ],[0. 0. 0.],2836,BuildingNonResidential,Triangle,[0.05380618 0.14234889 0.05651034],"[[ 9.99999402e-01  5.02513626e-04 -9.71064605e-04]
 [ 9.71075851e-04 -2.21361396e-05  9.99999528e-01]
 [-5.02491893e-04  9.99999873e-01  2.26241052e-05]]","(564.667, 1692.0]",Subset
290,290,290,290,../shapes\BuildingNonResidential\m414.obj,1056,[0.5        0.39275652 0.5       ],[0.49999994 0.39275625 0.4999986 ],[1. 1. 1.],0.5277539,1.5145124681733184,[0.025    0.975    0.025    0.724105 0.025    0.975   ],[0. 0. 0.],1944,BuildingNonResidential,Triangle,[0.0782983  0.10218866 0.10218866],"[[ 2.60318023e-10  1.00000000e+00  5.21437777e-09]
 [ 1.00000000e+00 -2.60317312e-10 -2.74955054e-10]
 [ 2.74955053e-10 -5.21437777e-09  1.00000000e+00]]","(564.667, 1692.0]",Subset
282,282,282,282,../shapes\BuildingNonResidential\m405.obj,21009,[0.49712075 0.40742168 0.4963143 ],[0.49711666 0.40742308 0.4963179 ],[1. 1. 1.],0.45037493,1.568633659376267,[0.025    0.975    0.025    0.869668 0.025    0.944047],[0. 0. 0.],41835,BuildingNonResidential,Triangle,[0.02836617 0.09406918 0.08842063],"[[-0.00231965 -0.99998676  0.00459323]
 [-0.99998891  0.00233843  0.00408839]
 [ 0.00409908  0.00458369  0.99998109]]","(1692.0, 21288.0]",Subset
294,294,294,294,../shapes\BuildingNonResidential\m420.obj,7226,[0.34483496 0.16867019 0.59326938],[0.34483722 0.16866805 0.5932698 ],[1. 1. 1.],0.37953752,1.2061845642041709,[0.025    0.66475  0.025    0.403287 0.025    0.975   ],[0. 0. 0.],12960,BuildingNonResidential,Triangle,[0.00840604 0.07136423 0.07368845],"[[-6.19323512e-05 -9.99998743e-01  1.58452193e-03]
 [-9.99994651e-01  5.67502210e-05 -3.27030519e-03]
 [-3.27021115e-03  1.58471599e-03  9.99993397e-01]]","(1692.0, 21288.0]",Subset
312,312,312,312,../shapes\Bus\D00436.obj,4587,[ 6.55923694 -2.96508787  1.4936729 ],[ 6.559201  -2.9650872  1.4936714],[1. 1. 1.],4.258233,13.695918872502206,[ 4.57472    8.62012   -9.82679    2.67641    0.0347497  3.89259  ],[0. 0. 0.],29118,Bus,Triangle,[16.05913989  2.501252    1.21799227],"[[ 0.01146152  0.999887    0.00972779]
 [ 0.99992926 -0.01142998 -0.00329159]
 [ 0.00318003 -0.00976483  0.99994727]]","(3154.999, 6016.333]",Subset
316,316,316,316,../shapes\Bus\D00516.obj,4096,[-3.31534385  4.2802281   1.16116544],[-3.315337   4.2801867  1.1611623],[1. 1. 1.],3.5455573,10.408956415744964,[-9.10837   0.470615  2.988008  5.816505  0.013357  2.94406 ],[0. 0. 0.],24888,Bus,Triangle,[12.54444499  1.03212028  0.45071218],"[[ 0.99976413 -0.02126239  0.00442736]
 [-0.0206758  -0.99418604 -0.10567223]
 [-0.00664847 -0.10555576  0.99439116]]","(3154.999, 6016.333]",Subset
321,321,321,321,../shapes\Bus\D00815.obj,7075,[ 0.67033992  0.03533222 -0.77809093],[ 0.67033964  0.03533206 -0.7780929 ],[1. 1. 1.],3.6410196,12.910870292668962,[-6.017871  6.017871 -1.359204  1.359204 -1.900115  1.900115],[0. 0. 0.],40023,Bus,Triangle,[12.77690576  1.03414334  0.88389731],"[[ 0.99989347  0.01413023  0.00365818]
 [ 0.01451439 -0.98904226 -0.14691746]
 [-0.00154212 -0.14695491  0.98914199]]","(6016.333, 8930.667]",Subset
318,318,318,318,../shapes\Bus\D00754.obj,8866,[1.39147984 8.3029707  1.1034974 ],[1.3914677 8.302942  1.1034939],[1. 1. 1.],4.343064,15.008140463994405,[ 0.       2.80429  0.      14.1246   0.       4.22799],[0. 0. 0.],59982,Bus,Triangle,[20.8720059   0.84900533  0.75181808],"[[ 0.00450925 -0.9993444   0.03592264]
 [-0.9995006  -0.00338058  0.03141856]
 [ 0.03127652  0.03604637  0.99886057]]","(6016.333, 8930.667]",Subset
317,317,317,317,../shapes\Bus\D00677.obj,11974,[2.67919975 0.02636999 1.31349898],[2.679183   0.02636967 1.3135002 ],[1. 1. 1.],1.8395427,6.350740524793915,[-0.023403   5.39852   -1.09583    1.09583   -0.0107424  2.4654   ],[0. 0. 0.],65712,Bus,Triangle,[2.63296778 0.49380016 0.56057085],"[[ 0.99999562  0.0023534  -0.00179757]
 [ 0.00222962 -0.9978165  -0.06600955]
 [ 0.00194899 -0.06600525  0.99781737]]","(8930.667, 13436.0]",Subset
309,309,309,309,../shapes\Bus\D00182.obj,13436,[18.39368652 -2.35320303  4.14002027],[18.393751  -2.353231   4.1400285],[1. 1. 1.],10.518701,44.12396362006227,[-5.6355   36.5496   -6.26706   1.52923   0.039127 10.3619  ],[0. 0. 0.],86502,Bus,Triangle,[129.22518113   4.80577446   5.20452913],"[[ 9.99750413e-01  2.19755831e-02  4.02303561e-03]
 [ 4.19462889e-04 -1.98508133e-01  9.80099151e-01]
 [-2.23368556e-02  9.79852843e-01  1.98467806e-01]]","(8930.667, 13436.0]",Subset
348,348,348,348,../shapes\Car\m1488.obj,4952,[0.290892   0.24169644 0.5319589 ],[0.29088974 0.24169683 0.5319584 ],[1. 1. 1.],0.39405718,1.195978616681204,[0.025    0.568805 0.025    0.50681  0.025    0.975   ],[0. 0. 0.],9223,Car,Triangle,[0.12021181 0.03355631 0.01079885],"[[ 0.00387782 -0.99996967 -0.00675443]
 [ 0.06938452  0.00700725 -0.99756538]
 [-0.99758245 -0.00339973 -0.06940958]]","(131.999, 4954.667]",Subset
377,377,377,377,../shapes\Car\m1522.obj,2676,[0.21737747 0.13100586 0.43412438],[0.21737732 0.13100603 0.43412414],[1. 1. 1.],0.3387589,1.0571161760027112,[0.025    0.408249 0.025    0.285988 0.025    0.975   ],[0. 0. 0.],4713,Car,Triangle,[0.0961697  0.02083569 0.00395998],"[[ 1.29243996e-02 -9.99916074e-01 -8.97399180e-04]
 [-9.20434034e-03  7.78465654e-04 -9.99957336e-01]
 [-9.99874112e-01 -1.29321081e-02  9.19350665e-03]]","(131.999, 4954.667]",Subset
355,355,355,355,../shapes\Car\m1498.obj,5514,[0.20013056 0.13877471 0.63103155],[0.20013417 0.13877368 0.6310333 ],[1. 1. 1.],0.312946,1.0482404608937312,[0.025    0.375032 0.025    0.296635 0.025    0.975   ],[0. 0. 0.],10496,Car,Triangle,[0.01665671 0.00282455 0.08838129],"[[-9.99999512e-01 -9.87650082e-04 -1.82075475e-05]
 [-9.87794834e-04  9.99680329e-01  2.52639073e-02]
 [ 6.75017297e-06 -2.52639129e-02  9.99680816e-01]]","(4954.667, 10153.0]",Subset
328,328,328,328,../shapes\Car\D00265.obj,4960,[-0.147783   -0.02056912  0.01328157],[-0.1477829  -0.0205691   0.01328158],[1. 1. 1.],0.6647162,2.172409899324644,[-1.08126   0.860791 -0.407091  0.369185 -0.32611   0.261426],[0. 0. 0.],9157,Car,Triangle,[0.36302255 0.09166233 0.01821053],"[[ 0.99961646 -0.02274583 -0.01579734]
 [-0.02294228 -0.99966029 -0.01236764]
 [ 0.01551066 -0.01272532  0.99979872]]","(4954.667, 10153.0]",Subset
337,337,337,337,../shapes\Car\D00671.obj,29817,[ 0.03985535 -0.00333811 -0.01648066],[ 0.03985557 -0.0033381  -0.01648066],[1. 1. 1.],0.603655,2.119234975705907,[-1.04708   0.84565  -0.360937  0.351184 -0.349946  0.283784],[0. 0. 0.],37380,Car,Triangle,[0.35580604 0.06377039 0.01365365],"[[ 0.99981946  0.01893079 -0.00163506]
 [ 0.01894679 -0.99976642  0.01039825]
 [ 0.00143784  0.01042735  0.9999446 ]]","(10153.0, 62279.0]",Subset
359,359,359,359,../shapes\Car\m1503.obj,24786,[0.42426961 0.09057486 0.11359176],[0.42426878 0.0905748  0.11358894],[1. 1. 1.],0.26887354,0.9850955694883178,[0.025    0.975    0.025    0.216294 0.025    0.201974],[0. 0. 0.],50685,Car,Triangle,[0.08958701 0.00076769 0.00292594],"[[ 0.99899793 -0.04472908 -0.00156189]
 [-0.04472293 -0.99899232  0.00376967]
 [ 0.00172893  0.00369604  0.99999168]]","(10153.0, 62279.0]",Subset
432,432,432,432,../shapes\Cellphone\D00979.obj,3120,[-0.14225038  0.02362981  0.00596444],[-0.14225036  0.02362982  0.00596444],[1. 1. 1.],0.503884,1.839108874546279,[-0.886632  0.836031 -0.227436  0.333309 -0.222432  0.094299],[0. 0. 0.],5956,Cellphone,Triangle,[0.29099904 0.02420636 0.00518073],"[[ 0.99939213  0.03378305 -0.00860723]
 [ 0.03201228 -0.9870523  -0.15717176]
 [ 0.01380552 -0.15680069  0.98753377]]","(762.999, 3246.667]",Subset
420,420,420,420,../shapes\Cellphone\D00312.obj,1012,[-0.02083736 -0.05528979 -0.00191534],[-0.02083736 -0.05528977 -0.00191535],[1. 1. 1.],0.17147231,1.1259336616000215,[-0.161981  0.342809 -0.93762   0.068043 -0.011327  0.028113],[0. 0. 0.],644,Cellphone,Triangle,[6.09336258e-02 1.00490626e-02 9.44282557e-05],"[[ 0.44103463 -0.89747392 -0.00538652]
 [-0.8972415  -0.44104577  0.02088833]
 [ 0.02112244  0.00437947  0.9997673 ]]","(762.999, 3246.667]",Subset
419,419,419,419,../shapes\Cellphone\D00248.obj,5754,[-0.25830831 -0.03494145  0.01710019],[-0.25830865 -0.0349415   0.01710019],[1. 1. 1.],0.35947096,1.7525542352801209,[-0.799361  0.781581 -0.383672  0.335576 -0.147152  0.086838],[0. 0. 0.],11460,Cellphone,Triangle,[0.139578   0.02776499 0.0034204 ],"[[ 0.9963166  -0.08188798  0.02544782]
 [-0.08240844 -0.99639547  0.02012266]
 [-0.02370829  0.02214566  0.99947361]]","(3246.667, 9428.667]",Subset
425,425,425,425,../shapes\Cellphone\D00527.obj,8796,[-0.18489144 -0.06136064  0.04063512],[-0.18489127 -0.06136062  0.04063524],[1. 1. 1.],0.5040594,2.139889122022648,[-0.894174  1.01316  -0.487487  0.40069  -0.275139  0.115174],[0. 0. 0.],16102,Cellphone,Triangle,[0.28061672 0.00663534 0.04522988],"[[ 0.99936537  0.03287972 -0.01370315]
 [ 0.01385924 -0.00452409  0.99989372]
 [-0.03281423  0.99944908  0.0049769 ]]","(3246.667, 9428.667]",Subset
414,414,414,414,../shapes\Cellphone\D00018.obj,14103,[ 0.08653583 -0.11629585  0.08130485],[ 0.08653585 -0.11629576  0.08130486],[1. 1. 1.],0.3383569,2.078433043783741,[-1.217518  0.64781  -0.450646  0.305057 -0.265966  0.253022],[0. 0. 0.],26960,Cellphone,Triangle,[0.14308432 0.02438643 0.0008663 ],"[[ 0.99737785 -0.0604195  -0.03983603]
 [-0.06441291 -0.99205602 -0.10805477]
 [ 0.03299096 -0.11033739  0.99334649]]","(9428.667, 44041.0]",Subset
416,416,416,416,../shapes\Cellphone\D00079.obj,20212,[-0.09670313 -0.01713708  0.0207439 ],[-0.09670306 -0.01713708  0.02074393],[1. 1. 1.],0.5440123,2.150529483624628,[-0.936548  1.0206   -0.405795  0.370964 -0.334059  0.10297 ],[0. 0. 0.],36972,Cellphone,Triangle,[0.31759127 0.00365416 0.04432104],"[[ 0.99994731 -0.00952003 -0.00383958]
 [-0.00380947  0.00317895 -0.99998769]
 [-0.00953212 -0.99994963 -0.00314252]]","(9428.667, 44041.0]",Subset
434,434,434,434,../shapes\Chess\D01017.obj,380,[ 0.02859115 -0.00088931 -0.0013598 ],[ 0.02859114 -0.0008893  -0.00135978],[1. 1. 1.],0.18793087,0.5962118686836454,[-0.192571  0.251959 -0.139346  0.139498 -0.141458  0.141575],[0. 0. 0.],756,Chess,Triangle,[0.02704006 0.00555462 0.00534007],"[[ 0.99994224  0.01062636  0.00160877]
 [ 0.00825114 -0.66311964 -0.74846795]
 [ 0.00688669 -0.74843799  0.66316902]]","(88.999, 389.0]",Subset
452,452,452,452,../shapes\Chess\D01186.obj,154,[0.27568366 0.50154588 0.27568366],[0.27568373 0.50154567 0.27568373],[1. 1. 1.],0.29560605,1.1854273040599217,[0.025    0.526367 0.025    0.975    0.025    0.526367],[0. 0. 0.],304,Chess,Triangle,[0.08610209 0.01094766 0.01094766],"[[ 5.40074464e-08  7.07201464e-01  7.07012084e-01]
 [-1.00000000e+00  7.63780631e-08 -1.02280196e-11]
 [ 5.40074469e-08  7.07012086e-01 -7.07201465e-01]]","(88.999, 389.0]",Subset
450,450,450,450,../shapes\Chess\D01145.obj,390,[ 0.10442847  0.00095042 -0.00047567],[ 0.10442843  0.00095041 -0.00047566],[1. 1. 1.],0.2450419,0.8373492126424136,[-0.30858   0.404776 -0.15541   0.154644 -0.155146  0.154924],[0. 0. 0.],776,Chess,Triangle,[0.06462624 0.00528856 0.00522874],"[[ 0.99997276 -0.00720351  0.0016071 ]
 [-0.00726789 -0.998983    0.04449874]
 [-0.00128492  0.04450921  0.99900815]]","(389.0, 1474.0]",Subset
472,472,472,472,../shapes\Chess\m1611.obj,1474,[0.47358815 0.26852722 0.26852721],[0.47358954 0.26852718 0.26852748],[1. 1. 1.],0.31761584,1.1734330767815515,[0.025    0.975    0.025    0.512055 0.025    0.512055],[0. 0. 0.],2944,Chess,Triangle,[0.09553706 0.01217025 0.01217026],"[[-1.00000000e+00 -6.53108131e-08  1.98412040e-08]
 [ 4.44468231e-08 -4.02432604e-01  9.15449616e-01]
 [ 5.18040114e-08 -9.15449616e-01 -4.02432604e-01]]","(389.0, 1474.0]",Subset
456,456,456,456,../shapes\Chess\m1593.obj,25650,[0.49703439 0.13801837 0.4999983 ],[0.49703532 0.13801683 0.49999923],[1. 1. 1.],0.3696273,1.3651516152078964,[0.025    0.975    0.025    0.267182 0.025    0.974993],[0. 0. 0.],50984,Chess,Triangle,[0.04766227 0.00215043 0.0919308 ],"[[-9.99999784e-01  6.57342976e-04  3.10466372e-06]
 [ 6.57342987e-04  9.99999784e-01  3.25271099e-06]
 [ 3.10252490e-06 -3.25475112e-06  1.00000000e+00]]","(1474.0, 60671.0]",Subset
454,454,454,454,../shapes\Chess\m1589.obj,3782,[0.49960849 0.11381573 0.13939022],[0.4996074  0.11381497 0.13939023],[1. 1. 1.],0.25854158,1.359315035166609,[0.025    0.970478 0.025    0.251514 0.025    0.975   ],[0. 0. 0.],7218,Chess,Triangle,[0.07445052 0.00520883 0.00225038],"[[ 9.99983503e-01 -5.38124028e-03 -2.00901670e-03]
 [-1.84550608e-04 -3.79676050e-01  9.25119486e-01]
 [ 5.74106577e-03  9.25103853e-01  3.79670780e-01]]","(1474.0, 60671.0]",Subset
486,486,486,486,../shapes\City\D01091.obj,1321,[0.23843227 0.0525302  0.66169432],[0.23843233 0.05253037 0.6616946 ],[1. 1. 1.],0.20454304,1.0791936235184498,[0.025    0.500146 0.025    0.215775 0.025    0.975   ],[0. 0. 0.],2136,City,Triangle,[0.03995594 0.00934366 0.00140696],"[[ 0.04776623 -0.98509299  0.16525794]
 [-0.00529965  0.16519452  0.98624677]
 [ 0.99884448  0.0479851  -0.00267007]]","(1048.999, 2318.667]",Subset
481,481,481,481,../shapes\City\D01056.obj,1638,[0.59258552 0.0674912  0.47742228],[0.5925854  0.06749099 0.47742206],[1. 1. 1.],0.34717566,1.3546341512500717,[0.025    0.883788 0.025    0.466607 0.025    0.975   ],[0. 0. 0.],1767,City,Triangle,[0.08549483 0.04134639 0.00398414],"[[ 1.26914946e-01 -9.84802367e-01  1.18561771e-01]
 [-1.55963504e-02  1.17532308e-01  9.92946580e-01]
 [ 9.91790981e-01  1.27868892e-01  4.42716292e-04]]","(1048.999, 2318.667]",Subset
477,477,477,477,../shapes\City\D01007.obj,3163,[0.20886496 0.13153164 0.43639942],[0.20886523 0.13153154 0.4364011 ],[1. 1. 1.],0.1671936,1.1548464505989515,[0.0484247 0.975     0.025     0.362786  0.025     0.625857 ],[0. 0. 0.],3119,City,Triangle,[0.01700558 0.00419986 0.00989092],"[[-0.61381904  0.58217145  0.53320033]
 [ 0.5443624   0.80128692 -0.24821132]
 [ 0.57174799 -0.13789738  0.80875741]]","(2318.667, 6045.667]",Subset
493,493,493,493,../shapes\City\D01181.obj,5137,[0.81126477 0.10738596 0.33344594],[0.81127316 0.10738797 0.33344784],[1. 1. 1.],0.15901478,1.151756679618613,[0.025    0.975    0.025    0.236017 0.025    0.641048],[0. 0. 0.],5327,City,Triangle,[0.00751511 0.00241274 0.01915343],"[[ 0.99380452  0.10768508 -0.02750468]
 [ 0.11112244 -0.95805689  0.26415678]
 [-0.00209469  0.26557659  0.96408749]]","(2318.667, 6045.667]",Subset
