,Unnamed: 0,Path,Vertices,CenterOfMass,Means,Scaling,AverageSize,DiagonalSize,Bounds,Position,Cells,Class,Type,Eigenvalue,Eigenvectors
0,0,../shapes\AircraftBuoyant\m1337.obj,201,[0.45806434 0.51589742 0.45660967],[0.45806432 0.5158974  0.45660958],[1. 1. 1.],0.4403466,1.547999033808513,[0.025    0.889234 0.025    0.975    0.025    0.889234],[0. 0. 0.],340,AircraftBuoyant,Triangle,[0.10504596 0.04645249 0.04645206],"[[ 1.37933137e-03 -8.60535996e-01  5.09387767e-01]
 [-9.99998671e-01 -1.62949098e-03 -4.49679127e-05]
 [-8.68739279e-04  5.09387028e-01  8.60537100e-01]]"
1,1,../shapes\AircraftBuoyant\m1338.obj,8761,[0.47991081 0.54983541 0.48093688],[0.4799102  0.5498328  0.48093763],[1. 1. 1.],0.43517974,1.600143063539791,[0.025    0.933058 0.025    0.975    0.025    0.937901],[0. 0. 0.],16960,AircraftBuoyant,Triangle,[0.09733962 0.04685405 0.04683994],"[[ 1.08941545e-03 -9.99859181e-01  1.67460613e-02]
 [-9.99999204e-01 -1.09992458e-03 -6.18360358e-04]
 [-6.36692685e-04  1.67453743e-02  9.99859584e-01]]"
2,2,../shapes\AircraftBuoyant\m1339.obj,1878,[0.31299033 0.35299274 0.32617148],[0.3129901  0.35299188 0.32617152],[1. 1. 1.],0.23194091,1.266288125186149,[0.025    0.607072 0.025    0.975    0.025    0.626812],[0. 0. 0.],6173,AircraftBuoyant,Triangle,[0.06554274 0.00866799 0.00892623],"[[ 0.00532142  0.9999363   0.00995386]
 [ 0.99998422 -0.00533906  0.00174674]
 [-0.00179977 -0.0099444   0.99994893]]"
3,3,../shapes\AircraftBuoyant\m1340.obj,778,[0.19554008 0.3116706  0.1938877 ],[0.19553997 0.31167057 0.19388752],[1. 1. 1.],0.25349468,1.066475287734142,[0.025    0.367686 0.025    0.975    0.025    0.367689],[0. 0. 0.],1457,AircraftBuoyant,Triangle,[0.08524597 0.00322742 0.00317761],"[[ 0.00116887  0.99997913 -0.00635391]
 [ 0.99999145 -0.00119405 -0.00395971]
 [ 0.00396722  0.00634922  0.99997197]]"
4,4,../shapes\AircraftBuoyant\m1341.obj,425,[0.20235557 0.39406215 0.20228764],[0.20235543 0.39406213 0.2022876 ],[1. 1. 1.],0.27919862,1.0742192343342958,[0.025    0.379575 0.025    0.975    0.025    0.379575],[0. 0. 0.],824,AircraftBuoyant,Triangle,[0.08771655 0.00299744 0.00286422],"[[-2.07843352e-04 -9.99999978e-01  1.48961295e-06]
 [-9.99999978e-01  2.07843352e-04 -1.29210812e-08]
 [-1.26114748e-08  1.48961560e-06  1.00000000e+00]]"
5,5,../shapes\AircraftBuoyant\m1342.obj,1252,[0.3500422  0.23383409 0.30815935],[0.35004213 0.23383431 0.3081591 ],[1. 1. 1.],0.25123128,1.2601829338176036,[0.025    0.611587 0.025    0.975    0.025    0.60936 ],[0. 0. 0.],2305,AircraftBuoyant,Triangle,[0.08185583 0.00747886 0.00791175],"[[ 0.0603678  -0.98356146 -0.17018394]
 [-0.99801767 -0.05643591 -0.02785187]
 [-0.01778954 -0.17152794  0.98501863]]"
6,6,../shapes\AircraftBuoyant\m1343.obj,178,[0.36796014 0.48557646 0.36796015],[0.36796033 0.4855771  0.36796024],[1. 1. 1.],0.3590039,1.3577464283597518,[0.025    0.710921 0.025    0.975    0.025    0.710921],[0. 0. 0.],344,AircraftBuoyant,Triangle,[0.02722419 0.08290806 0.02728586],"[[ 1.00000000e+00  3.46260118e-07  4.10395718e-11]
 [ 3.46260118e-07 -1.00000000e+00 -2.90975401e-07]
 [-4.09388186e-11 -2.90975401e-07  1.00000000e+00]]"
7,7,../shapes\AircraftBuoyant\m1344.obj,1093,[0.35005955 0.29013131 0.34940063],[0.35006022 0.29013172 0.34940135],[1. 1. 1.],0.31204855,1.3210452252474445,[0.025    0.674099 0.025    0.975    0.025    0.6741  ],[0. 0. 0.],1930,AircraftBuoyant,Triangle,[0.10835615 0.01093409 0.0108532 ],"[[ 1.01636442e-03 -9.99970329e-01  7.63602075e-03]
 [-9.99999434e-01 -1.01874947e-03 -3.08459073e-04]
 [-3.16229113e-04  7.63570291e-03  9.99970798e-01]]"
8,8,../shapes\AircraftBuoyant\m1345.obj,3174,[0.31304833 0.58999737 0.3130726 ],[0.3130477  0.58999914 0.31307226],[1. 1. 1.],0.34617567,1.2516750746945922,[0.025    0.601277 0.025    0.975    0.025    0.601277],[0. 0. 0.],6000,AircraftBuoyant,Triangle,[0.09119675 0.02040059 0.02041466],"[[ 1.11849481e-03  9.99225416e-01 -3.93359515e-02]
 [ 9.99998882e-01 -1.15666386e-03 -9.47590311e-04]
 [ 9.92354796e-04  3.93348477e-02  9.99225593e-01]]"
9,9,../shapes\AircraftBuoyant\m1346.obj,742,[0.16901234 0.18214096 0.45696178],[0.16901234 0.18214102 0.45696062],[1. 1. 1.],0.2904423,1.048558341166037,[0.025    0.322079 0.025    0.354725 0.025    0.975   ],[0. 0. 0.],1375,AircraftBuoyant,Triangle,[0.0897768  0.00387209 0.00622558],"[[ 0.00155137  0.99991205  0.01317147]
 [ 0.01050078 -0.01318705  0.99985791]
 [-0.99994366  0.00141284  0.01052031]]"
10,10,../shapes\AircraftBuoyant\m1347.obj,3055,[0.16829789 0.14597533 0.53549427],[0.168298   0.14597483 0.5354932 ],[1. 1. 1.],0.23679827,1.068105537472282,[0.025    0.312086 0.025    0.419881 0.025    0.975   ],[0. 0. 0.],6274,AircraftBuoyant,Triangle,[0.00287793 0.01239918 0.06318696],"[[-9.99975853e-01  6.93630817e-03 -4.25818242e-04]
 [ 6.94043811e-03  9.99919568e-01 -1.06154395e-02]
 [-3.52152033e-04  1.06181385e-02  9.99943564e-01]]"
11,11,../shapes\AircraftBuoyant\m1348.obj,795,[0.16873636 0.17566178 0.46068733],[0.16873623 0.17566162 0.460686  ],[1. 1. 1.],0.27836737,1.0485223419531131,[0.025    0.321693 0.025    0.354958 0.025    0.975   ],[0. 0. 0.],1382,AircraftBuoyant,Triangle,[0.08403906 0.00363696 0.00639012],"[[ 0.00150281  0.99990749  0.01351893]
 [ 0.01486452 -0.01353978  0.99979784]
 [-0.99988839  0.00130156  0.01488349]]"
12,12,../shapes\AircraftBuoyant\m1349.obj,432,[0.48583104 0.13479902 0.14961127],[0.4858333  0.13479899 0.1496112 ],[1. 1. 1.],0.22064294,1.0459790209033155,[0.025    0.975    0.025    0.385203 0.025    0.273648],[0. 0. 0.],640,AircraftBuoyant,Triangle,[0.05090461 0.0106754  0.00553908],"[[-9.98584858e-01  5.31815891e-02 -1.52747296e-05]
 [ 5.31815625e-02  9.98584574e-01  7.54558793e-04]
 [-5.53817450e-05 -7.52678651e-04  9.99999715e-01]]"
13,13,../shapes\AircraftBuoyant\m1350.obj,1097,[0.38388216 0.15815833 0.07356281],[0.38388136 0.15815854 0.07356288],[1. 1. 1.],0.15819034,1.0255911185049993,[0.025    0.975    0.025    0.291317 0.025    0.305022],[0. 0. 0.],1976,AircraftBuoyant,Triangle,[0.03387364 0.00393676 0.00603303],"[[-9.91325458e-01 -1.31429970e-01  1.10155605e-07]
 [-5.73168086e-08 -4.05813027e-07 -1.00000000e+00]
 [-1.31429970e-01  9.91325458e-01 -3.94759638e-07]]"
14,14,../shapes\AircraftBuoyant\m1351.obj,12987,[0.11664972 0.08584329 0.32030777],[0.1166516  0.08584314 0.32030678],[1. 1. 1.],0.17848662,0.986827907504765,[0.025    0.2083   0.025    0.219243 0.025    0.975   ],[0. 0. 0.],24466,AircraftBuoyant,Triangle,[0.00428565 0.03588715 0.00167125],"[[ 1.00000000e+00 -2.52172401e-06 -2.72614553e-06]
 [ 2.55111923e-06 -6.69796964e-02  9.97754339e-01]
 [ 2.69865747e-06  9.97754339e-01  6.69796964e-02]]"
15,15,../shapes\AircraftBuoyant\m1352.obj,3298,[0.46863493 0.18617714 0.17864334],[0.46863344 0.18617718 0.17864327],[1. 1. 1.],0.27261302,1.0586703243479876,[0.025    0.975    0.025    0.376642 0.025    0.332621],[0. 0. 0.],6348,AircraftBuoyant,Triangle,[0.07047498 0.01012987 0.00495225],"[[ 0.99999658 -0.0023833  -0.00107235]
 [-0.00238531 -0.99999539 -0.0018792 ]
 [ 0.00106786 -0.00188176  0.99999766]]"
16,16,../shapes\Apartment\D00045.obj,14865,[ 0.06485796  0.03296589 -0.05506245],[ 0.06485803  0.03296591 -0.05506248],[1. 1. 1.],0.44798002,2.24282517165743,[-0.613186  0.829027 -0.700915  0.770415 -0.532017  0.354253],[0. 0. 0.],21021,Apartment,Triangle,[0.10693727 0.03665936 0.06283398],"[[ 0.9780651   0.17381015  0.11479853]
 [ 0.09703149  0.10750378 -0.98945835]
 [ 0.18431918 -0.97889375 -0.08828064]]"
17,17,../shapes\Apartment\D00086.obj,20493,[ 0.0117032  -0.07538239 -0.04032096],[ 0.01170322 -0.07538249 -0.04032103],[1. 1. 1.],0.42838374,2.5434699710574,[-0.920883  0.863162 -0.343487  1.32482  -0.415469  0.293879],[0. 0. 0.],42064,Apartment,Triangle,[0.17361445 0.04179797 0.01156898],"[[ 0.99634248  0.08495874  0.00914742]
 [ 0.08435384 -0.99500204  0.05343571]
 [-0.01364153  0.05246865  0.99852939]]"
18,18,../shapes\Apartment\D00138.obj,10827,[-0.07477229 -0.16899284  0.06729904],[-0.07477233 -0.16899247  0.06729925],[1. 1. 1.],0.18904723,2.003668908791437,[-0.782682  0.776339 -0.514535  0.633157 -0.317783  0.198885],[0. 0. 0.],21140,Apartment,Triangle,[0.04053749 0.00691138 0.01949903],"[[-9.99477518e-01 -3.23201586e-02  3.12140538e-04]
 [-4.84729086e-04  2.46447281e-02  9.99696155e-01]
 [ 3.23180309e-02 -9.99173681e-01  2.46475182e-02]]"
19,19,../shapes\Apartment\D00156.obj,12732,[-0.03008283  0.19995087 -0.04225052],[-0.03008277  0.19995105 -0.04225054],[1. 1. 1.],0.6577403,2.631835668113528,[-0.81948   0.881168 -0.742071  0.842832 -0.667138  0.566733],[0. 0. 0.],19380,Apartment,Triangle,[0.23687052 0.19412456 0.02931208],"[[ 0.96834428  0.24787906  0.02941638]
 [ 0.24955814 -0.96395407 -0.09226745]
 [-0.00548487 -0.09668775  0.99529965]]"
20,20,../shapes\Apartment\D00310.obj,14464,[ 0.07108421 -0.00575935 -0.01667491],[ 0.07108408 -0.00575939 -0.01667494],[1. 1. 1.],0.5773757,2.107706777255948,[-0.744656  1.03298  -0.389316  0.494357 -0.368775  0.339434],[0. 0. 0.],9480,Apartment,Triangle,[0.27760058 0.07429363 0.02494206],"[[ 0.99840528 -0.051258   -0.02365413]
 [-0.05083436 -0.99854167  0.01817693]
 [ 0.02455135  0.0169455   0.99955494]]"
21,21,../shapes\Apartment\D00348.obj,2006,[-0.12338756  0.07705423  0.00452147],[-0.12338758  0.07705414  0.00452145],[1. 1. 1.],0.48177892,2.1837119271389573,[-0.94171   0.725458 -0.40949   0.566411 -0.813025  0.205192],[0. 0. 0.],3008,Apartment,Triangle,[0.19116995 0.08250579 0.0048928 ],"[[ 0.99625917  0.0792821   0.03438053]
 [ 0.07734198 -0.99551387  0.05450098]
 [-0.03854724  0.05163804  0.99792165]]"
22,22,../shapes\Apartment\D00366.obj,1294,[-0.02215598 -0.07962717  0.02382457],[-0.02215597 -0.07962724  0.02382454],[1. 1. 1.],0.6026213,2.4926392104207347,[-0.895467  0.745644 -0.856715  0.59104  -0.663917  0.529402],[0. 0. 0.],2540,Apartment,Triangle,[0.20970553 0.1047377  0.08072606],"[[ 0.99661581  0.07339569  0.03701341]
 [ 0.08181126 -0.92941841 -0.35984487]
 [-0.00798988 -0.3616552   0.93227768]]"
23,23,../shapes\Apartment\D00478.obj,19857,[ 0.04612862 -0.06442518 -0.02016148],[ 0.0461284  -0.06442524 -0.02016131],[1. 1. 1.],0.58261037,2.254151398784478,[-0.780623  0.910492 -0.760414  0.404719 -0.478043  0.451362],[0. 0. 0.],25206,Apartment,Triangle,[0.22955209 0.08497148 0.04703554],"[[ 0.99813753  0.05380708  0.02874478]
 [ 0.05804459 -0.98265489 -0.17612551]
 [-0.0187694  -0.17746596  0.98394794]]"
24,24,../shapes\Apartment\D00496.obj,7737,[-0.00174584 -0.00655535 -0.03233715],[-0.00174572 -0.0065554  -0.03233716],[1. 1. 1.],0.51895636,2.4689015645256207,[-0.643419  1.15353  -0.704659  0.878216 -0.341188  0.259608],[0. 0. 0.],2579,Apartment,Triangle,[0.04797047 0.11902877 0.12583616],"[[ 5.27407637e-02  9.10681859e-01 -4.09727913e-01]
 [ 2.31046545e-02  4.09076305e-01  9.12207625e-01]
 [-9.98340917e-01  5.75771487e-02 -5.34007004e-04]]"
25,25,../shapes\Apartment\D00626.obj,73184,[-0.0440093  -0.0454781   0.05155436],[-0.04400857 -0.04547675  0.05155439],[1. 1. 1.],0.55452734,2.2084970206949013,[-0.885934  0.906987 -0.597769  0.33114  -0.512373  0.382066],[0. 0. 0.],64688,Apartment,Triangle,[0.25056353 0.06264458 0.0446895 ],"[[ 9.99660294e-01 -2.60456589e-02  9.59735332e-04]
 [-2.55284030e-02 -9.85901061e-01 -1.65370488e-01]
 [-5.25338741e-03 -1.65289810e-01  9.86231048e-01]]"
26,26,../shapes\Apartment\D00639.obj,4849,[ 0.1916355  -0.02615515 -0.12254833],[ 0.19163585 -0.0261552  -0.12254826],[1. 1. 1.],0.554428,2.2844846659615103,[-0.542818  1.14108  -0.544259  0.500059 -0.687879  0.449116],[0. 0. 0.],7980,Apartment,Triangle,[0.19643149 0.05736936 0.08108464],"[[ 0.98329075  0.18155036  0.01337046]
 [ 0.03728557 -0.12896214 -0.99094831]
 [ 0.17818274 -0.97488883  0.13357649]]"
27,27,../shapes\Apartment\D00651.obj,12732,[-0.13320101 -0.1558779   0.04866621],[-0.13320106 -0.15587765  0.04866611],[1. 1. 1.],0.6577404,2.899328511851318,[-0.948858  0.916559 -0.950931  0.904251 -0.556634  0.661818],[0. 0. 0.],19380,Apartment,Triangle,[0.23687052 0.19412456 0.02931208],"[[ 0.76177253 -0.64632238 -0.04438462]
 [-0.64780794 -0.75921088 -0.06279896]
 [-0.00689109 -0.07659123  0.99703876]]"
28,28,../shapes\Apartment\D00681.obj,13823,[ 0.20742676 -0.10520445 -0.05033533],[ 0.20742688 -0.10520449 -0.05033531],[1. 1. 1.],0.637999,2.515090001338844,[-0.681671  1.09453  -0.790363  0.587597 -0.471744  0.656092],[0. 0. 0.],15557,Apartment,Triangle,[0.30921978 0.09658267 0.03762017],"[[ 0.97781977  0.19663208 -0.07214092]
 [ 0.20352876 -0.97335087  0.1056604 ]
 [ 0.0494422   0.11799958  0.99178202]]"
29,29,../shapes\Apartment\D00780.obj,8240,[-0.17918899 -0.02484568  0.04221636],[-0.17918923 -0.02484577  0.04221642],[1. 1. 1.],0.67680573,2.129779844585334,[-0.977731  0.789199 -0.618236  0.449639 -0.189083  0.33395 ],[0. 0. 0.],13684,Apartment,Triangle,[0.36809068 0.12315976 0.0157519 ],"[[ 0.98319677 -0.17897371 -0.03595159]
 [-0.18003594 -0.98323687 -0.02884983]
 [ 0.03018556 -0.03483763  0.99893702]]"
30,30,../shapes\Apartment\D00792.obj,1327,[ 0.3876649   0.20067655 -0.06582132],[ 0.38766468  0.20067622 -0.06582134],[1. 1. 1.],0.5146255,3.108331509101245,[-0.795163  1.10354  -0.965409  0.963376 -0.669296  0.859246],[0. 0. 0.],1158,Apartment,Triangle,[0.17266151 0.09694567 0.04606576],"[[-0.46062879  0.80958936 -0.36384912]
 [ 0.88372963  0.38011416 -0.2730113 ]
 [ 0.08272284  0.44730111  0.89054963]]"
31,31,../shapes\Apartment\D00859.obj,1378,[ 0.1700617  -0.11609521  0.02780441],[ 0.17006175 -0.1160955   0.0278044 ],[1. 1. 1.],0.57007825,2.3656642913543737,[-0.824176  1.07379  -0.692473  0.611025 -0.33128   0.211846],[0. 0. 0.],2163,Apartment,Triangle,[0.25744909 0.0989198  0.01868207],"[[ 0.9947761   0.10152261 -0.0106614 ]
 [ 0.100254   -0.99130078 -0.08527538]
 [ 0.01922603 -0.08376106  0.99630038]]"
32,32,../shapes\Apartment\D00860.obj,19857,[ 0.06179465 -0.06686338 -0.01681445],[ 0.06179456 -0.06686355 -0.01681422],[1. 1. 1.],0.58261037,2.250677309054385,[-0.764923  0.927037 -0.760034  0.399913 -0.474753  0.451175],[0. 0. 0.],25206,Apartment,Triangle,[0.22955209 0.08497148 0.04703554],"[[ 0.9980322   0.05509266  0.02994196]
 [ 0.0592148  -0.98516366 -0.16107818]
 [-0.02062351 -0.16253422  0.98648735]]"
33,33,../shapes\Apartment\D00869.obj,4930,[-0.15508069  0.08652805  0.13220488],[-0.15508054  0.08652805  0.13220489],[1. 1. 1.],0.66172063,2.242601236091008,[-0.984513  0.688383 -0.521765  0.644962 -0.380646  0.551785],[0. 0. 0.],9069,Apartment,Triangle,[0.26627842 0.12188595 0.07982689],"[[ 0.99061291  0.13211515 -0.03509488]
 [ 0.13542341 -0.9834532   0.12033415]
 [ 0.0186162   0.12395723  0.99211292]]"
34,34,../shapes\Apartment\D00921.obj,12842,[ 0.2413255  -0.12752701 -0.09216274],[ 0.2413243  -0.12752749 -0.09216282],[1. 1. 1.],0.40712336,2.259901542921943,[-0.850705  0.822601 -0.487423  0.545748 -0.558467  0.554978],[0. 0. 0.],7983,Apartment,Triangle,[0.08220139 0.05114192 0.06151274],"[[ 0.94408494  0.31905307 -0.08311902]
 [ 0.21163009 -0.77973161 -0.58926337]
 [ 0.25281681 -0.53872418  0.8036541 ]]"
35,35,../shapes\Apartment\D00953.obj,4158,[-0.19526575  0.01745154 -0.02631714],[-0.19526571  0.01745165 -0.02631717],[1. 1. 1.],0.4534348,2.5501978450511404,[-0.949201  0.665321 -0.826799  0.896079 -0.444887  0.51871 ],[0. 0. 0.],7140,Apartment,Triangle,[0.03380305 0.105283   0.08755189],"[[-0.24319934  0.9465329  -0.21196593]
 [-0.07441019  0.19967721  0.97703231]
 [-0.96711799 -0.25338604 -0.02187032]]"
36,36,../shapes\Apartment\m463.obj,2022,[0.40503426 0.42523922 0.29990563],[0.40503395 0.4252393  0.299908  ],[1. 1. 1.],0.3223388,1.335060226859132,[0.025    0.785029 0.025    0.975    0.025    0.574765],[0. 0. 0.],3672,Apartment,Triangle,[0.01981087 0.08203654 0.01749234],"[[ 1.00000000e+00  1.37669631e-05  1.21324050e-07]
 [ 1.37669477e-05 -9.99999992e-01  1.25896799e-04]
 [-1.23057266e-07  1.25896797e-04  9.99999992e-01]]"
37,37,../shapes\Apartment\m464.obj,8301,[0.18442683 0.53221431 0.16114051],[0.1844252  0.53221446 0.16114189],[1. 1. 1.],0.2546842,1.0392689005113842,[0.025    0.347449 0.025    0.975    0.025    0.296305],[0. 0. 0.],12810,Apartment,Triangle,[0.07040255 0.00423079 0.00360357],"[[ 6.31857176e-04 -9.99980760e-01  6.17086607e-03]
 [-9.99999643e-01 -6.35302410e-04 -5.56362043e-04]
 [-5.60271705e-04  6.17051233e-03  9.99980805e-01]]"
38,38,../shapes\Apartment\m465.obj,2335,[0.15119548 0.62563062 0.1099707 ],[0.15119568 0.62562406 0.1099706 ],[1. 1. 1.],0.2912669,0.9953313177300608,[0.025    0.21702  0.025    0.975    0.025    0.251523],[0. 0. 0.],4363,Apartment,Triangle,[0.0961435  0.00234548 0.00379571],"[[-0.04645824  0.73662715 -0.67470147]
 [ 0.99748707 -0.00195752 -0.07082163]
 [ 0.05348988  0.67629625  0.73468511]]"
39,39,../shapes\AquaticAnimal\m53.obj,18409,[0.10102272 0.16914467 0.66439275],[0.10102272 0.1691444  0.6643906 ],[1. 1. 1.],0.21570686,1.0131474709780592,[0.025    0.163371 0.025    0.348761 0.025    0.975   ],[0. 0. 0.],34877,AquaticAnimal,Triangle,[0.0499066  0.00080309 0.00467619],"[[ 0.08217031  0.99657829 -0.00893045]
 [ 0.04400344  0.00532412  0.99901719]
 [-0.99564639  0.08248252  0.04341538]]"
40,40,../shapes\AquaticAnimal\m54.obj,18143,[0.14644469 0.173088   0.64504325],[0.14644477 0.17308845 0.64504415],[1. 1. 1.],0.24775217,1.036903378971387,[0.025    0.254899 0.025    0.371143 0.025    0.975   ],[0. 0. 0.],33836,AquaticAnimal,Triangle,[0.06749693 0.00157093 0.0044008 ],"[[ 0.15804306  0.97981667  0.12239968]
 [-0.01619696 -0.12136847  0.99247537]
 [-0.98729937  0.15883635  0.00331139]]"
41,41,../shapes\AquaticAnimal\m55.obj,19505,[0.09274598 0.17740759 0.68372766],[0.09274594 0.17740712 0.68372744],[1. 1. 1.],0.22373748,1.026218370569297,[0.025    0.18151  0.025    0.380146 0.025    0.975   ],[0. 0. 0.],37072,AquaticAnimal,Triangle,[0.05669037 0.00118698 0.00413497],"[[ 0.0615859   0.99809744 -0.00294422]
 [ 0.01668159 -0.00397871 -0.99985294]
 [ 0.99796237 -0.06152773  0.01689488]]"
42,42,../shapes\AquaticAnimal\m56.obj,5814,[0.09715948 0.17070122 0.7132265 ],[0.09715948 0.17070135 0.7132264 ],[1. 1. 1.],0.21155004,1.02004744157573,[0.025    0.168956 0.025    0.367452 0.025    0.975   ],[0. 0. 0.],10893,AquaticAnimal,Triangle,[0.00092353 0.00337462 0.05384921],"[[-9.99963163e-01 -8.58243684e-03  1.19653743e-04]
 [-8.57948875e-03  9.99839207e-01  1.57465206e-02]
 [ 2.54778023e-04 -1.57449140e-02  9.99876009e-01]]"
43,43,../shapes\AquaticAnimal\m57.obj,18878,[0.08475104 0.18853803 0.66922081],[0.08475105 0.1885381  0.6692231 ],[1. 1. 1.],0.21900342,1.024436912751166,[0.025    0.143963 0.025    0.389443 0.025    0.975   ],[0. 0. 0.],36278,AquaticAnimal,Triangle,[0.00068347 0.05013035 0.00591201],"[[-9.99998930e-01 -1.84669253e-04  1.45138428e-03]
 [-1.43903064e-03 -5.49999464e-02 -9.98485320e-01]
 [-2.64215596e-04  9.98486340e-01 -5.49996218e-02]]"
44,44,../shapes\AquaticAnimal\m58.obj,477,[0.27601371 0.23163506 0.49227723],[0.27601388 0.23163493 0.49227738],[1. 1. 1.],0.29415813,1.1792030266579834,[0.025    0.537049 0.025    0.500211 0.025    0.975   ],[0. 0. 0.],950,AquaticAnimal,Triangle,[0.06708743 0.01341134 0.0145742 ],"[[ 0.06647565 -0.99757241 -0.02074302]
 [-0.05791818  0.0168961  -0.99817834]
 [-0.99610565 -0.06755595  0.0566544 ]]"
45,45,../shapes\AquaticAnimal\m59.obj,44,[0.125      0.125      0.51227273],[0.125      0.125      0.51227283],[1. 1. 1.],0.24885839,0.9912114209704808,[0.025 0.225 0.025 0.225 0.025 0.975],[0. 0. 0.],1680,AquaticAnimal,Triangle,[0.00145433 0.07700169 0.00172103],"[[ 1.00000000e+00  9.38264196e-12 -9.33576574e-15]
 [ 9.33577971e-15 -1.48926850e-09  1.00000000e+00]
 [-9.38264196e-12  1.00000000e+00  1.48926871e-09]]"
46,46,../shapes\AquaticAnimal\m60.obj,1606,[0.18684836 0.19895892 0.64861961],[0.18684822 0.19895865 0.64861953],[1. 1. 1.],0.23115683,1.0741066493307236,[0.025    0.348674 0.025    0.407675 0.025    0.975   ],[0. 0. 0.],3208,AquaticAnimal,Triangle,[0.001928   0.05928439 0.0053274 ],"[[ 9.99999908e-01  6.36675806e-05 -4.24800188e-04]
 [ 4.21763716e-04  4.18477828e-02  9.99123909e-01]
 [-8.13887479e-05  9.99123996e-01 -4.18477521e-02]]"
47,47,../shapes\AquaticAnimal\m61.obj,216,[0.10852948 0.2092876  0.6003623 ],[0.10852952 0.20928761 0.60036194],[1. 1. 1.],0.24890345,1.0506849200749244,[0.025    0.18743  0.025    0.443396 0.025    0.975   ],[0. 0. 0.],337,AquaticAnimal,Triangle,[0.06673058 0.00203048 0.00494128],"[[ 0.02119021 -0.99851641  0.05015934]
 [-0.00270949 -0.05022778 -0.99873411]
 [-0.99977179 -0.02102747  0.00376981]]"
48,48,../shapes\AquaticAnimal\m62.obj,241,[0.07812209 0.38389136 0.55283675],[0.0781221 0.3838913 0.5528368],[1. 1. 1.],0.29668564,1.1992616384628465,[0.025    0.131276 0.025    0.749178 0.025    0.975   ],[0. 0. 0.],478,AquaticAnimal,Triangle,[0.00042477 0.06533673 0.03227281],"[[-9.99997433e-01 -1.22660816e-03 -1.90498367e-03]
 [-2.10413617e-03  1.90929809e-01  9.81601437e-01]
 [ 8.40322170e-04 -9.81602926e-01  1.90931899e-01]]"
49,49,../shapes\AquaticAnimal\m63.obj,1112,[0.28012325 0.31798494 0.40386306],[0.28012273 0.31798536 0.40386322],[1. 1. 1.],0.24972048,1.3991854087629076,[0.025    0.975    0.025    0.724541 0.025    0.777238],[0. 0. 0.],1792,AquaticAnimal,Triangle,[0.04384779 0.01902393 0.01444088],"[[ 0.94940246  0.31405972  0.0012082 ]
 [ 0.31397363 -0.94921943  0.02007577]
 [-0.00745184  0.01868065  0.99979773]]"
50,50,../shapes\AquaticAnimal\m64.obj,247,[0.49424081 0.26315442 0.10153025],[0.49424085 0.2631544  0.1015302 ],[1. 1. 1.],0.23697416,1.0939267759987528,[0.025    0.975    0.025    0.545087 0.025    0.1789  ],[0. 0. 0.],444,AquaticAnimal,Triangle,[0.06007655 0.00757851 0.00121391],"[[ 9.99723727e-01  2.35021484e-02 -3.43383363e-04]
 [ 2.35035102e-02 -9.99712574e-01  4.72810126e-03]
 [ 2.32164128e-04  4.73486573e-03  9.99988764e-01]]"
51,51,../shapes\AquaticAnimal\m65.obj,1004,[0.21253133 0.31948322 0.76287878],[0.21253136 0.31948337 0.7628787 ],[1. 1. 1.],0.17935593,1.174273189191106,[0.025    0.399816 0.025    0.604595 0.025    0.975   ],[0. 0. 0.],1930,AquaticAnimal,Triangle,[0.00212332 0.03030042 0.00766154],"[[-9.99998617e-01 -6.98283511e-04 -1.50970073e-03]
 [-1.38168493e-03 -1.56641092e-01  9.87654625e-01]
 [ 9.26144111e-04 -9.87655345e-01 -1.56639911e-01]]"
52,52,../shapes\AquaticAnimal\m66.obj,4117,[0.24203397 0.30311843 0.5967383 ],[0.24203368 0.3031183  0.5967377 ],[1. 1. 1.],0.28739694,1.1629937426420656,[0.025    0.445705 0.025    0.547553 0.025    0.975   ],[0. 0. 0.],8196,AquaticAnimal,Triangle,[0.07709994 0.0065652  0.00514867],"[[ 0.03901673  0.99381542 -0.10396448]
 [ 0.21249645  0.09341167  0.97268675]
 [-0.97638259  0.06004314  0.20753763]]"
53,53,../shapes\AquaticAnimal\m67.obj,14000,[0.56885554 0.13235448 0.18700061],[0.56885374 0.13235492 0.18700044],[1. 1. 1.],0.2776219,1.0418624798299814,[0.025    0.975    0.025    0.2497   0.025    0.388988],[0. 0. 0.],27996,AquaticAnimal,Triangle,[0.07938266 0.00822952 0.00092245],"[[ 0.99996732  0.00761113 -0.00272676]
 [ 0.0027759  -0.00645299  0.99997533]
 [-0.00759335  0.99995021  0.00647391]]"
54,54,../shapes\AquaticAnimal\m68.obj,553,[0.52110382 0.13168083 0.10688983],[0.52110416 0.13168083 0.10688981],[1. 1. 1.],0.19688174,0.9965718611260926,[0.025    0.975    0.025    0.278519 0.025    0.18743 ],[0. 0. 0.],1098,AquaticAnimal,Triangle,[0.04762117 0.00347412 0.00129308],"[[ 0.9997534  -0.02195358  0.00334242]
 [-0.02192962 -0.99973471 -0.00704315]
 [-0.00349616 -0.00696812  0.99996961]]"
55,55,../shapes\AquaticAnimal\m69.obj,317,[0.19107897 0.10241326 0.65911099],[0.191079   0.10241322 0.6591106 ],[1. 1. 1.],0.26849008,1.0346170824351169,[0.025    0.357325 0.025    0.264776 0.025    0.975   ],[0. 0. 0.],560,AquaticAnimal,Triangle,[0.08150905 0.00527188 0.00208338],"[[ 0.00104655 -0.99999321  0.00353333]
 [-0.05562151  0.00346965  0.9984459 ]
 [ 0.99845138  0.00124146  0.0556175 ]]"
56,56,../shapes\AquaticAnimal\m70.obj,320,[0.23972651 0.09855128 0.60813349],[0.23972642 0.09855132 0.6081334 ],[1. 1. 1.],0.25417084,1.0700537165694992,[0.025    0.454415 0.025    0.266076 0.025    0.975   ],[0. 0. 0.],560,AquaticAnimal,Triangle,[0.07628209 0.00479749 0.00165825],"[[ 3.46294999e-04  9.99997497e-01 -2.21057301e-03]
 [ 9.87002580e-03  2.20704753e-03  9.99948854e-01]
 [-9.99951230e-01  3.68095700e-04  9.86923681e-03]]"
57,57,../shapes\AquaticAnimal\m71.obj,420,[0.17547676 0.15357734 0.64460927],[0.17547682 0.15357733 0.6446095 ],[1. 1. 1.],0.25378537,1.0550741994056554,[0.025    0.32599  0.025    0.371535 0.025    0.975   ],[0. 0. 0.],836,AquaticAnimal,Triangle,[0.0032074  0.07322106 0.00469284],"[[ 9.99999998e-01  5.99883638e-05  3.31966280e-05]
 [ 3.36238315e-05 -7.13552755e-03 -9.99974541e-01]
 [ 5.97499611e-05 -9.99974540e-01  7.13552955e-03]]"
58,58,../shapes\AquaticAnimal\m72.obj,331,[0.24060458 0.10216127 0.59096552],[0.24060462 0.10216119 0.5909651 ],[1. 1. 1.],0.25571853,1.0700459221918832,[0.025    0.456203 0.025    0.262828 0.025    0.975   ],[0. 0. 0.],590,AquaticAnimal,Triangle,[0.07777543 0.00433456 0.00190725],"[[ 3.50504491e-04  9.99997472e-01 -2.22110344e-03]
 [ 1.88060034e-02  2.21411920e-03  9.99820700e-01]
 [-9.99823090e-01  3.92211724e-04  1.88051798e-02]]"
59,59,../shapes\AquaticAnimal\m73.obj,285,[0.4612261  0.2701536  0.20001645],[0.46122614 0.2701536  0.20001648],[1. 1. 1.],0.32917947,1.1700709415380086,[0.025    0.975    0.025    0.610865 0.025    0.376181],[0. 0. 0.],564,AquaticAnimal,Triangle,[0.10172234 0.01648472 0.0042793 ],"[[ 9.99010901e-01 -4.44516650e-02 -1.12619007e-03]
 [-4.44516925e-02 -9.99011535e-01  6.18719132e-07]
 [ 1.12510437e-03 -4.94429474e-05  9.99999366e-01]]"
60,60,../shapes\AquaticAnimal\m74.obj,162,[0.18431922 0.16889793 0.71176307],[0.18431918 0.16889794 0.7117629 ],[1. 1. 1.],0.25480148,1.0483367119157634,[0.025    0.354455 0.025    0.321596 0.025    0.975   ],[0. 0. 0.],336,AquaticAnimal,Triangle,[0.08458252 0.00256251 0.00319038],"[[-0.02365184 -0.89633877 -0.44273852]
 [-0.01687319  0.44315724 -0.89628509]
 [-0.99957785  0.01372838  0.02560558]]"
61,61,../shapes\AquaticAnimal\m75.obj,298,[0.28159955 0.10749714 0.57106335],[0.28159952 0.10749719 0.571063  ],[1. 1. 1.],0.22005805,1.1141408328656142,[0.025    0.538384 0.025    0.299311 0.025    0.975   ],[0. 0. 0.],512,AquaticAnimal,Triangle,[0.057496   0.00427243 0.00310571],"[[ 8.00169115e-04 -9.99991713e-01  3.99165805e-03]
 [-2.93427641e-02  3.96646155e-03  9.99561539e-01]
 [ 9.99569088e-01  9.16944552e-04  2.93393472e-02]]"
62,62,../shapes\AquaticAnimal\m76.obj,1583,[0.21049104 0.18392733 0.69685171],[0.21049133 0.18392743 0.6968537 ],[1. 1. 1.],0.24612297,1.0713379479417378,[0.025   0.39593 0.025   0.35314 0.025   0.975  ],[0. 0. 0.],3164,AquaticAnimal,Triangle,[0.00261455 0.07219954 0.00360945],"[[ 9.99999968e-01  7.36854942e-05 -2.42930893e-04]
 [ 2.46260712e-04 -4.91788473e-02  9.98789958e-01]
 [-6.16492704e-05  9.98789986e-01  4.91788639e-02]]"
63,63,../shapes\AquaticAnimal\m77.obj,11578,[0.35956217 0.15168138 0.39463581],[0.35956195 0.15168121 0.39463773],[1. 1. 1.],0.24685763,1.1801773147511343,[0.025    0.975    0.025    0.407994 0.025    0.611203],[0. 0. 0.],23022,AquaticAnimal,Triangle,[0.06925352 0.00330488 0.00243245],"[[ 0.91370603 -0.40031118 -0.06994465]
 [-0.062288    0.03212436 -0.99754109]
 [-0.40157378 -0.91581602 -0.00441763]]"
64,64,../shapes\AquaticAnimal\m78.obj,468,[0.34534002 0.24435991 0.26694712],[0.34534004 0.24436    0.26694703],[1. 1. 1.],0.27297089,1.143142482787102,[0.025    0.975    0.025    0.51665  0.025    0.428181],[0. 0. 0.],734,AquaticAnimal,Triangle,[0.08649475 0.003446   0.00276548],"[[-0.98575399 -0.16155318  0.04679359]
 [-0.06926358  0.64344237  0.76235456]
 [ 0.15326978 -0.74825296  0.64546563]]"
65,65,../shapes\AquaticAnimal\m79.obj,166,[0.54346979 0.08748187 0.18520658],[0.5434697  0.08748189 0.18520659],[1. 1. 1.],0.2260531,1.0159197469431769,[0.025    0.975    0.025    0.256171 0.025    0.300958],[0. 0. 0.],226,AquaticAnimal,Triangle,[0.0634126  0.00138989 0.0016271 ],"[[ 0.99363008 -0.11184406  0.01379057]
 [-0.00571812 -0.17225676 -0.98503549]
 [-0.11254589 -0.97868203  0.17179904]]"
66,66,../shapes\AquaticAnimal\m80.obj,1104,[0.50281032 0.11825161 0.18376995],[0.5028103  0.11825162 0.18376987],[1. 1. 1.],0.25333422,1.0658196012804333,[0.025    0.975    0.025    0.308883 0.025    0.416001],[0. 0. 0.],2104,AquaticAnimal,Triangle,[0.06814064 0.00487357 0.00330688],"[[ 0.98597402  0.16264879 -0.0374246 ]
 [ 0.00716541  0.18277593  0.98312848]
 [-0.16674497  0.96960731 -0.17904688]]"
67,67,../shapes\AquaticAnimal\m81.obj,857,[0.21681205 0.10910881 0.54467882],[0.2168117  0.10910881 0.54467916],[1. 1. 1.],0.24885288,1.0606443022357974,[0.025  0.4145 0.025  0.291  0.025  0.975 ],[0. 0. 0.],1673,AquaticAnimal,Triangle,[0.07368098 0.00180578 0.00230432],"[[ 8.28428390e-04  9.99137379e-01  4.15188081e-02]
 [ 8.46584919e-02 -4.14398438e-02  9.95547929e-01]
 [-9.96409682e-01 -2.69017951e-03  8.46197936e-02]]"
68,68,../shapes\Bed\D00031.obj,1867,[-0.16601179  0.05554633  0.02336353],[-0.16601163  0.05554634  0.02336352],[1. 1. 1.],0.6624385,2.22610832497727,[-0.669666  0.930426 -0.708463  0.726534 -0.267503  0.312193],[0. 0. 0.],3590,Bed,Triangle,[0.01236356 0.28520725 0.22218709],"[[-0.04008442 -0.9982518  -0.04343481]
 [ 0.03262356  0.04213906 -0.99857899]
 [-0.99866358  0.04144445 -0.0308774 ]]"
69,69,../shapes\Bed\D00110.obj,1926,[-0.03127064 -0.08932412 -0.08983198],[-0.03127063 -0.08932419 -0.08983195],[1. 1. 1.],0.7529349,2.1334845610937725,[-0.8889    0.75223  -0.718484  0.524562 -0.220014  0.339705],[0. 0. 0.],3644,Bed,Triangle,[0.40463387 0.18544452 0.00915135],"[[ 0.99476356 -0.10161901  0.01091023]
 [-0.10183366 -0.99457225  0.02135301]
 [-0.00868114  0.02235222  0.99971247]]"
70,70,../shapes\Bed\D00121.obj,15368,[-0.19096226  0.11417259  0.20733451],[-0.19096313  0.11417274  0.2073346 ],[1. 1. 1.],0.7465266,2.4296461439126964,[-0.912283  0.78579  -0.599669  0.858504 -0.482021  0.463209],[0. 0. 0.],24612,Bed,Triangle,[0.38759629 0.15339093 0.03031534],"[[ 0.97536658  0.20549266 -0.08020478]
 [ 0.21046069 -0.97580213  0.05930003]
 [ 0.06607827  0.07471922  0.99501291]]"
71,71,../shapes\Bed\D00184.obj,7218,[-0.17546487 -0.07941271 -0.08724491],[-0.17546462 -0.0794127  -0.08724485],[1. 1. 1.],0.63416165,2.4336311122683925,[-0.937684  0.750002 -0.891329  0.664602 -0.466361  0.341943],[0. 0. 0.],14204,Bed,Triangle,[0.25347395 0.16633847 0.03146101],"[[ 0.93221841 -0.35015781 -0.09142396]
 [-0.34259695 -0.93527584  0.08880554]
 [ 0.11660257  0.05146459  0.99184436]]"
72,72,../shapes\Bed\D00210.obj,22063,[0.04673397 0.13860616 0.09492345],[0.04673425 0.13860624 0.09492391],[1. 1. 1.],0.70215416,2.2544680379474853,[-0.667887  0.81694  -0.532688  0.866731 -0.412555  0.546372],[0. 0. 0.],34247,Bed,Triangle,[0.36595485 0.01453276 0.12875446],"[[ 0.99115615  0.08217848 -0.10419299]
 [ 0.11026464 -0.0731678   0.99120542]
 [-0.07383218  0.99392815  0.08158209]]"
73,73,../shapes\Bed\D00213.obj,2277,[0.26688259 0.05993948 0.01982444],[0.26688278 0.05993949 0.01982445],[1. 1. 1.],0.6713207,2.0197405899350724,[-0.955079  0.747501 -0.365319  0.50444  -0.375599  0.275625],[0. 0. 0.],4536,Bed,Triangle,[0.45004783 0.01424348 0.08751931],"[[ 0.99882736  0.04425739  0.01962615]
 [ 0.01559071  0.08975032 -0.99584226]
 [ 0.04583483 -0.99498048 -0.08895507]]"
74,74,../shapes\Bed\D00217.obj,3238,[ 0.02038105 -0.04972795 -0.01121303],[ 0.02038142 -0.04972796 -0.01121302],[1. 1. 1.],0.8885425,2.101360618478942,[-0.842601  0.881592 -0.54509   0.411619 -0.3038    0.422549],[0. 0. 0.],6272,Bed,Triangle,[0.6684665  0.09932598 0.02403025],"[[ 9.99829576e-01  1.79869378e-02  4.15806971e-03]
 [ 1.84612512e-02 -9.74636459e-01 -2.23031288e-01]
 [-4.09564280e-05 -2.23070041e-01  9.74802418e-01]]"
75,75,../shapes\Bed\D00307.obj,2644,[-0.13253326 -0.07024604 -0.01286709],[-0.13253328 -0.07024613 -0.01286708],[1. 1. 1.],0.63912725,2.561521723066482,[-0.820216  0.991699 -0.833938  0.872106 -0.213808  0.392634],[0. 0. 0.],5259,Bed,Triangle,[0.010595   0.22648868 0.24233274],"[[-0.03385267 -0.99648686 -0.0766024 ]
 [-0.03944899 -0.07525431  0.99638374]
 [ 0.99864797 -0.03675214  0.03676284]]"
76,76,../shapes\Bed\D00322.obj,9342,[-0.04922402  0.1255048   0.1444177 ],[-0.04922398  0.12550463  0.14441787],[1. 1. 1.],0.79874307,2.319564616912739,[-0.94314   0.864001 -0.415536  0.599245 -0.520955  0.520602],[0. 0. 0.],14796,Bed,Triangle,[0.57705442 0.01630019 0.06221011],"[[ 0.99280576  0.10339183  0.06038921]
 [ 0.08342798 -0.23555554 -0.96827339]
 [ 0.08588654 -0.96634555  0.24248666]]"
77,77,../shapes\Bed\D00417.obj,12808,[-0.2278811  0.0796157  0.0639705],[-0.22788085  0.07961588  0.06397047],[1. 1. 1.],0.7189591,2.0956856596401985,[-0.799888  0.796046 -0.509407  0.668083 -0.374758  0.302302],[0. 0. 0.],24736,Bed,Triangle,[0.40985143 0.01332434 0.16048712],"[[ 0.99868837 -0.04790208  0.01808105]
 [-0.01937492 -0.02668557  0.9994561 ]
 [ 0.04739352  0.9984955   0.02757867]]"
78,78,../shapes\Bed\D00538.obj,7136,[-0.00475788  0.1146729   0.10265701],[-0.00475778  0.11467285  0.10265711],[1. 1. 1.],0.9091634,2.1802635842124527,[-0.838246  0.8386   -0.479658  0.702627 -0.325735  0.411787],[0. 0. 0.],13868,Bed,Triangle,[0.59003774 0.04203848 0.19631938],"[[ 0.99558751  0.05642147  0.07498085]
 [ 0.07730096 -0.04012556 -0.99620003]
 [ 0.05319842 -0.9976004   0.04430994]]"
79,79,../shapes\Bed\D00545.obj,415,[-0.00745234  0.1494848   0.02958728],[-0.00745237  0.14948475  0.02958726],[1. 1. 1.],0.8176448,2.232170978923369,[-0.832734  0.876784 -0.47967   0.747412 -0.39825   0.346334],[0. 0. 0.],838,Bed,Triangle,[0.43633328 0.02791612 0.22098208],"[[ 0.99846683  0.05427608  0.01086679]
 [ 0.01065294  0.00422776 -0.99993432]
 [ 0.05431846 -0.99851702 -0.00364308]]"
80,80,../shapes\Bed\D00552.obj,6349,[ 0.20366086  0.12669366 -0.01943615],[ 0.20366019  0.12669359 -0.0194362 ],[1. 1. 1.],0.49138036,2.222415672691556,[-1.05698   0.489625 -0.719045  0.71651  -0.464456  0.232915],[0. 0. 0.],12251,Bed,Triangle,[0.17788662 0.10167183 0.03305321],"[[ 0.13980367 -0.9785196  -0.15150684]
 [-0.98529731 -0.12230099 -0.11929664]
 [-0.09820466 -0.16595739  0.98123085]]"
81,81,../shapes\Bed\D00565.obj,826,[ 0.14469237  0.10074177 -0.02596827],[ 0.14469245  0.10074165 -0.02596826],[1. 1. 1.],0.4760286,2.216823003327386,[-1.08588   0.602982 -0.605613  0.718594 -0.375019  0.180431],[0. 0. 0.],1628,Bed,Triangle,[0.18116795 0.14005223 0.00365992],"[[ 0.98780994  0.15564436  0.00251962]
 [ 0.15548405 -0.98575428 -0.06413423]
 [ 0.0074984  -0.0637442   0.9979381 ]]"
82,82,../shapes\Bed\D00650.obj,3752,[-0.01456413 -0.08215799 -0.07833704],[-0.01456432 -0.08215807 -0.07833708],[1. 1. 1.],0.9017601,2.058126779485919,[-0.863733  0.833154 -0.550605  0.377532 -0.421559  0.282019],[0. 0. 0.],7443,Bed,Triangle,[0.62941292 0.0385588  0.15056232],"[[ 0.99865753 -0.04586831 -0.02406747]
 [-0.02542425 -0.02922961 -0.99924934]
 [-0.0451304  -0.99851977  0.03035653]]"
83,83,../shapes\Bed\D00735.obj,453,[-0.13221454  0.1241256   0.04714398],[-0.13221453  0.12412558  0.04714396],[1. 1. 1.],0.48421863,2.3951179128341904,[-0.644923  1.11344  -0.684425  0.73777  -0.312594  0.476146],[0. 0. 0.],684,Bed,Triangle,[0.22168637 0.11605561 0.01230235],"[[ 0.97562333 -0.21766995 -0.02790903]
 [-0.21428134 -0.97234515  0.09288932]
 [ 0.04735643  0.08464461  0.99528522]]"
84,84,../shapes\Bed\D00836.obj,1563,[-0.07308791  0.0924344   0.006846  ],[-0.07308794  0.09243441  0.006846  ],[1. 1. 1.],0.62039334,2.127437322338136,[-0.795864  0.919097 -0.365307  0.512459 -0.304602  0.597853],[0. 0. 0.],3154,Bed,Triangle,[0.31724432 0.03680523 0.07763506],"[[ 0.98693257 -0.14212599 -0.075923  ]
 [-0.03226091  0.28735295 -0.95728132]
 [-0.15787125 -0.94722146 -0.27901287]]"
85,85,../shapes\Bed\D00839.obj,16364,[ 0.03929743 -0.17861752  0.07427842],[ 0.03929669 -0.17861785  0.07427839],[1. 1. 1.],0.79635864,2.2976935387679847,[-0.800648  0.864395 -0.877287  0.569772 -0.351917  0.290771],[0. 0. 0.],32648,Bed,Triangle,[0.47163259 0.15703885 0.01431196],"[[ 0.97738133 -0.20774634 -0.03958793]
 [-0.21012691 -0.97511799 -0.0706511 ]
 [ 0.0239254  -0.07737155  0.99671521]]"
86,86,../shapes\Bed\D00969.obj,13151,[-0.21046378 -0.11232573  0.01142498],[-0.21046357 -0.11232578  0.01142499],[1. 1. 1.],0.70875746,2.422171038958869,[-0.906979  0.798208 -0.928304  0.569391 -0.466867  0.379395],[0. 0. 0.],23918,Bed,Triangle,[0.34128457 0.16350726 0.03909158],"[[ 0.97148533 -0.23503793  0.03119965]
 [-0.23511742 -0.9719663  -0.00114804]
 [-0.03059484  0.00622028  0.99951251]]"
87,87,../shapes\Bed\D00988.obj,768,[-0.02720179 -0.15077992 -0.07567323],[-0.02720174 -0.15077995 -0.0756733 ],[1. 1. 1.],0.91409916,2.165772248492785,[-0.867888  0.815509 -0.726326  0.426407 -0.517681  0.208921],[0. 0. 0.],624,Bed,Triangle,[0.57716231 0.0345261  0.22718091],"[[ 0.99746721  0.05618586 -0.04361554]
 [ 0.03859186  0.08758766  0.995409  ]
 [-0.05974809  0.99457104 -0.0851975 ]]"
88,88,../shapes\Bed\m945.obj,8116,[0.39613052 0.38241076 0.26370737],[0.39613196 0.38240713 0.26370686],[1. 1. 1.],0.31508142,1.4266291460504734,[0.025    0.740004 0.025    0.813378 0.025    0.975   ],[0. 0. 0.],15659,Bed,Triangle,[0.0830526  0.04592912 0.01343153],"[[ 0.05779763  0.99824997  0.01250707]
 [ 0.22035183 -0.02497517  0.97510067]
 [-0.97370658  0.05360255  0.22140971]]"
89,89,../shapes\Bed\m946.obj,449,[0.25959603 0.30950911 0.4999058 ],[0.2595961  0.30950928 0.49990594],[1. 1. 1.],0.4978762,1.158749227935294,[0.025    0.494149 0.025    0.494147 0.025    0.975   ],[0. 0. 0.],644,Bed,Triangle,[0.02621383 0.20729368 0.01611534],"[[ 9.99999998e-01  1.13871314e-05 -6.57756630e-05]
 [-6.57755430e-05 -1.05393584e-05 -9.99999998e-01]
 [ 1.13878246e-05 -1.00000000e+00  1.05386094e-05]]"
90,90,../shapes\Bed\m947.obj,441,[0.37350127 0.25099169 0.4999939 ],[0.3735007  0.25099197 0.49999413],[1. 1. 1.],0.5216757,1.2510324928577836,[0.025    0.721994 0.025    0.445454 0.025    0.975   ],[0. 0. 0.],584,Bed,Triangle,[0.04860666 0.20925453 0.01682362],"[[ 1.00000000e+00  1.99046627e-06 -1.21305398e-06]
 [-1.34426178e-06  6.72998303e-02 -9.97732796e-01]
 [ 1.90431515e-06 -9.97732796e-01 -6.72998303e-02]]"
91,91,../shapes\Bed\m948.obj,4597,[0.51297679 0.44666995 0.42297758],[0.5129776  0.44666904 0.42297286],[1. 1. 1.],0.62655187,1.5916807076358457,[0.025    0.975    0.025    0.893382 0.025    0.961408],[0. 0. 0.],9038,Bed,Triangle,[0.098634   0.13901924 0.17409414],"[[-0.14074129 -0.9832638  -0.11569003]
 [-0.98940613  0.14388857 -0.01927679]
 [-0.03560064 -0.11175138  0.99309829]]"
92,92,../shapes\Bed\m949.obj,706,[0.40554045 0.4242143  0.25340041],[0.405541   0.42421404 0.25339842],[1. 1. 1.],0.42208907,1.4091943731765362,[0.025    0.956207 0.025    0.975    0.025    0.489954],[0. 0. 0.],1388,Bed,Triangle,[0.14835319 0.02475531 0.0273844 ],"[[ 0.99989823  0.0109299  -0.00916864]
 [ 0.0109408  -0.9999395   0.00113973]
 [ 0.00915563  0.00123993  0.99995732]]"
93,93,../shapes\Bed\m950.obj,437,[0.39720744 0.44493801 0.49997185],[0.3972077  0.44493774 0.49997178],[1. 1. 1.],0.63385785,1.4844177333930204,[0.025    0.769384 0.025    0.889227 0.025    0.975   ],[0. 0. 0.],724,Bed,Triangle,[0.09869962 0.13116542 0.17607954],"[[ 9.99999994e-01  1.05306742e-04  3.95075068e-05]
 [ 1.07607740e-04 -9.97972517e-01 -6.36462401e-02]
 [-3.27250278e-05 -6.36462440e-02  9.97972522e-01]]"
94,94,../shapes\Bed\m951.obj,363,[0.4114844  0.31742435 0.29785435],[0.41148472 0.31742477 0.29785427],[1. 1. 1.],0.39323086,1.327342192204325,[0.025    0.797947 0.025    0.536752 0.025    0.975   ],[0. 0. 0.],572,Bed,Triangle,[0.0810099  0.11002261 0.0062379 ],"[[ 9.99997218e-01  2.35552257e-03  1.27579938e-04]
 [ 7.67078454e-05 -8.65239496e-02  9.96249768e-01]
 [-2.35772753e-03  9.96246986e-01  8.65238895e-02]]"
95,95,../shapes\Bicycle\D00016.obj,2769,[ 0.04350924  0.05789344 -0.00688587],[ 0.04350908  0.05789348 -0.00688586],[1. 1. 1.],0.58659184,2.2908050752248346,[-0.914299  0.959955 -0.44062   0.818183 -0.209935  0.177847],[0. 0. 0.],5049,Bicycle,Triangle,[0.32018279 0.08086464 0.00236648],"[[ 0.99976301 -0.02067455  0.00681844]
 [-0.02064141 -0.99977496 -0.00489533]
 [-0.00691812 -0.00475342  0.99996477]]"
