,Path,Vertices,CenterOfMass,Means,Scaling,AverageSize,DiagonalSize,Bounds,Position,Cells,Class,Type,Eigenvalue,Eigenvectors,Distribution,FlippingMomentum
0,../shapes/AircraftBuoyant/m1337.obj,201,[0.45806434 0.51589741 0.45660967],[0.45806434 0.51589741 0.45660967],[1. 1. 1.],0.4403466122066284,1.5479989707722677,[0.025    0.889234 0.025    0.975    0.025    0.889234],[0. 0. 0.],340,AircraftBuoyant,Triangle,"[[ 1.37932984e-03 -8.60879106e-01  5.08807688e-01]
 [-9.99998671e-01 -1.62945564e-03 -4.60612164e-05]
 [-8.68732693e-04  5.08806948e-01  8.60880209e-01]]",[0.10504595 0.04645249 0.04645206],13.599631075722254,"[np.float64(88.30131112660229), np.float64(144.9856320654222), np.float64(87.9379831707377)]"
1,../shapes/AircraftBuoyant/m1341.obj,425,[0.20235556 0.39406215 0.20228764],[0.20235556 0.39406215 0.20228764],[1. 1. 1.],0.2791986064056426,1.0742191867817292,[0.025    0.379575 0.025    0.975    0.025    0.379575],[0. 0. 0.],824,AircraftBuoyant,Triangle,"[[-2.07842920e-04 -9.99999978e-01  1.51565623e-06]
 [-9.99999978e-01  2.07842920e-04 -1.22730395e-08]
 [-1.19580208e-08  1.51565874e-06  1.00000000e+00]]",[0.08771655 0.00299744 0.00286422],11.879438382911017,"[np.float64(36.02686909402769), np.float64(199.27876078139917), np.float64(35.941125874888165)]"
2,../shapes/AircraftBuoyant/m1342.obj,1252,[0.3500422  0.2338341  0.30815935],[0.3500422  0.2338341  0.30815935],[1. 1. 1.],0.25123120063236254,1.2601828907618926,[0.025    0.611587 0.025    0.975    0.025    0.60936 ],[0. 0. 0.],2305,AircraftBuoyant,Triangle,"[[ 0.0603678  -0.98356147 -0.17018389]
 [-0.99801767 -0.05643591 -0.02785186]
 [-0.01778954 -0.17152788  0.98501864]]",[0.08185583 0.00747886 0.00791175],70.32547105576657,"[np.float64(300.46735701748423), np.float64(336.0046999588621), np.float64(238.34148868583705)]"
3,../shapes/AircraftBuoyant/m1344.obj,1093,[0.35005955 0.29013131 0.34940063],[0.35005955 0.29013131 0.34940063],[1. 1. 1.],0.31204835739236825,1.3210451626651527,[0.025    0.674099 0.025    0.975    0.025    0.6741  ],[0. 0. 0.],1930,AircraftBuoyant,Triangle,"[[ 1.01636165e-03 -9.99970331e-01  7.63572930e-03]
 [-9.99999434e-01 -1.01874660e-03 -3.08458435e-04]
 [-3.16228156e-04  7.63541147e-03  9.99970800e-01]]",[0.10835615 0.01093409 0.0108532 ],1073.4733712102554,"[np.float64(259.46644429520563), np.float64(413.870611667778), np.float64(258.40597443599995)]"
4,../shapes/AircraftBuoyant/m1345.obj,3174,[0.31304833 0.58999737 0.3130726 ],[0.31304833 0.58999737 0.3130726 ],[1. 1. 1.],0.34617576103973274,1.2516750223033133,[0.025    0.601277 0.025    0.975    0.025    0.601277],[0. 0. 0.],6000,AircraftBuoyant,Triangle,"[[ 1.11849402e-03  9.99225446e-01 -3.93351922e-02]
 [ 9.99998882e-01 -1.15666234e-03 -9.47590953e-04]
 [ 9.92354528e-04  3.93340884e-02  9.99225623e-01]]",[0.09119675 0.02040059 0.02041466],149.54890045369973,"[np.float64(708.256826351511), np.float64(2621.4306924677217), np.float64(708.4397664994787)]"
5,../shapes/AircraftBuoyant/m1352.obj,3298,[0.46863493 0.18617714 0.17864334],[0.46863493 0.18617714 0.17864334],[1. 1. 1.],0.27261305909359895,1.058670286635551,[0.025    0.975    0.025    0.376642 0.025    0.332621],[0. 0. 0.],6348,AircraftBuoyant,Triangle,"[[ 0.99999658 -0.0023833  -0.00107235]
 [-0.00238531 -0.99999539 -0.00187921]
 [ 0.00106786 -0.00188176  0.99999766]]",[0.07047498 0.01012987 0.00495225],765.9909295913166,"[np.float64(1819.4790267161288), np.float64(286.88335645341334), np.float64(234.58376811291905)]"
6,../shapes/Apartment/D00310.obj,14464,[ 0.07108421 -0.00575935 -0.01667491],[ 0.07108421 -0.00575935 -0.01667491],[1. 1. 1.],0.5773756814583144,2.107706741248886,[-0.744656  1.03298  -0.389316  0.494357 -0.368775  0.339434],[0. 0. 0.],9480,Apartment,Triangle,"[[ 0.99840528 -0.051258   -0.02365413]
 [-0.05083436 -0.99854167  0.01817693]
 [ 0.02455135  0.0169455   0.99955494]]",[0.27760058 0.07429363 0.02494206],1219.6245977909684,"[np.float64(725.7491051415143), np.float64(75.310039846715), np.float64(-37.28226438825047)]"
7,../shapes/Apartment/D00366.obj,1294,[-0.02215598 -0.07962717  0.02382457],[-0.02215598 -0.07962717  0.02382457],[1. 1. 1.],0.6026212928930581,2.4926391816921676,[-0.895467  0.745644 -0.856715  0.59104  -0.663917  0.529402],[0. 0. 0.],2540,Apartment,Triangle,"[[ 0.99661581  0.07339569  0.03701341]
 [ 0.08181126 -0.92941841 -0.35984488]
 [-0.00798988 -0.36165521  0.93227768]]",[0.20970553 0.1047377  0.08072606],47.60979517269761,"[np.float64(-106.83226312316168), np.float64(-129.58398059235523), np.float64(0.3135948308215266)]"
8,../shapes/Apartment/D00496.obj,7737,[-0.00174584 -0.00655535 -0.03233715],[-0.00174584 -0.00655535 -0.03233715],[1. 1. 1.],0.5189563690832693,2.4689015387094724,[-0.643419  1.15353  -0.704659  0.878216 -0.341188  0.259608],[0. 0. 0.],2579,Apartment,Triangle,"[[ 5.27407648e-02  9.10681880e-01 -4.09727868e-01]
 [ 2.31046565e-02  4.09076259e-01  9.12207646e-01]
 [-9.98340917e-01  5.75771505e-02 -5.34002712e-04]]",[0.04797047 0.11902877 0.12583616],227.8457170982358,"[np.float64(31.02537890692893), np.float64(-1.2808987741087714), np.float64(-43.93735668899396)]"
9,../shapes/Apartment/D00639.obj,4849,[ 0.1916355  -0.02615515 -0.12254833],[ 0.1916355  -0.02615515 -0.12254833],[1. 1. 1.],0.5544279573820372,2.2844846660796394,[-0.542818  1.14108  -0.544259  0.500059 -0.687879  0.449116],[0. 0. 0.],7980,Apartment,Triangle,"[[ 0.98329075  0.18155036  0.01337046]
 [ 0.03728557 -0.12896214 -0.99094831]
 [ 0.17818274 -0.97488883  0.13357649]]",[0.19643149 0.05736936 0.08108464],252.08786408532373,"[np.float64(1292.2506364629287), np.float64(-89.00648720205788), np.float64(-462.96675254221947)]"
10,../shapes/Apartment/D00869.obj,4930,[-0.15508069  0.08652805  0.13220488],[-0.15508069  0.08652805  0.13220488],[1. 1. 1.],0.6617206544412922,2.242601277335318,[-0.984513  0.688383 -0.521765  0.644962 -0.380646  0.551785],[0. 0. 0.],9069,Apartment,Triangle,"[[ 0.99061291  0.13211515 -0.03509488]
 [ 0.13542341 -0.9834532   0.12033415]
 [ 0.0186162   0.12395723  0.99211292]]",[0.26627842 0.12188595 0.07982689],530.9543157654223,"[np.float64(-1172.1111376395986), np.float64(461.4886834309346), np.float64(635.9241987287398)]"
11,../shapes/Apartment/D00921.obj,12842,[ 0.2413255  -0.12752701 -0.09216273],[ 0.2413255  -0.12752701 -0.09216273],[1. 1. 1.],0.40712339458299646,2.2599015582325706,[-0.850705  0.822601 -0.487423  0.545748 -0.558467  0.554978],[0. 0. 0.],7983,Apartment,Triangle,"[[ 0.94408494  0.31905307 -0.08311902]
 [ 0.21163008 -0.77973161 -0.58926337]
 [ 0.25281682 -0.53872418  0.8036541 ]]",[0.08220139 0.05114192 0.06151274],1641.1920918914752,"[np.float64(676.786356128754), np.float64(-273.7903167207753), np.float64(-216.24194858563487)]"
12,../shapes/AquaticAnimal/m55.obj,19505,[0.09274598 0.17740759 0.68372766],[0.09274598 0.17740759 0.68372766],[1. 1. 1.],0.22373742836579716,1.0262183302864942,[0.025    0.18151  0.025    0.380146 0.025    0.975   ],[0. 0. 0.],37072,AquaticAnimal,Triangle,"[[ 0.0615859   0.99809744 -0.00294422]
 [ 0.01668159 -0.00397871 -0.99985294]
 [ 0.99796237 -0.06152773  0.01689488]]",[0.05669037 0.00118698 0.00413497],504.35381384216436,"[np.float64(369.7414535376221), np.float64(1324.9438134951183), np.float64(19325.178322041706)]"
13,../shapes/AquaticAnimal/m57.obj,18878,[0.08475104 0.18853803 0.66922081],[0.08475104 0.18853803 0.66922081],[1. 1. 1.],0.21900370433418428,1.0244368675609052,[0.025    0.143963 0.025    0.389443 0.025    0.975   ],[0. 0. 0.],36278,AquaticAnimal,Triangle,"[[-9.99998930e-01 -1.84669139e-04  1.45138392e-03]
 [-1.43903029e-03 -5.49999465e-02 -9.98485320e-01]
 [-2.64215463e-04  9.98486340e-01 -5.49996219e-02]]",[0.00068347 0.05013035 0.00591201],125.61987230115632,"[np.float64(285.332467901635), np.float64(1510.0921575860268), np.float64(18142.357939306545)]"
14,../shapes/AquaticAnimal/m63.obj,1112,[0.28012325 0.31798494 0.40386306],[0.28012325 0.31798494 0.40386306],[1. 1. 1.],0.24972062095591976,1.39918534130579,[0.025    0.975    0.025    0.724541 0.025    0.777238],[0. 0. 0.],1792,AquaticAnimal,Triangle,"[[ 0.94940246  0.31405971  0.0012082 ]
 [ 0.31397362 -0.94921943  0.02007576]
 [-0.00745183  0.01868064  0.99979773]]",[0.04384779 0.01902393 0.01444088],122.29203831018292,"[np.float64(242.21760847228185), np.float64(219.65784864635296), np.float64(320.6140565514542)]"
15,../shapes/AquaticAnimal/m72.obj,331,[0.24060458 0.10216127 0.59096553],[0.24060458 0.10216127 0.59096553],[1. 1. 1.],0.2557184996226254,1.07004587976077,[0.025    0.456203 0.025    0.262828 0.025    0.975   ],[0. 0. 0.],590,AquaticAnimal,Triangle,"[[ 3.50502440e-04  9.99997472e-01 -2.22110491e-03]
 [ 1.88060040e-02  2.21412071e-03  9.99820700e-01]
 [-9.99823090e-01  3.92209703e-04  1.88051804e-02]]",[0.07777543 0.00433456 0.00190725],64.50821624319423,"[np.float64(36.3158515462477), np.float64(7.115922992298446), np.float64(241.17686512184667)]"
16,../shapes/AquaticAnimal/m73.obj,285,[0.46122609 0.2701536  0.20001645],[0.46122609 0.2701536  0.20001645],[1. 1. 1.],0.32917947104664547,1.1700708922907193,[0.025    0.975    0.025    0.610865 0.025    0.376181],[0. 0. 0.],564,AquaticAnimal,Triangle,"[[ 9.99010901e-01 -4.44516634e-02 -1.12618950e-03]
 [-4.44516909e-02 -9.99011535e-01  6.15001240e-07]
 [ 1.12510364e-03 -4.94466347e-05  9.99999366e-01]]",[0.10172234 0.01648472 0.0042793 ],18.572421676487963,"[np.float64(176.038524760086), np.float64(50.502427875999444), np.float64(24.721613606759995)]"
17,../shapes/AquaticAnimal/m79.obj,166,[0.54346978 0.08748187 0.18520658],[0.54346978 0.08748187 0.18520658],[1. 1. 1.],0.22605308140834904,1.0159197059832041,[0.025    0.975    0.025    0.256171 0.025    0.300958],[0. 0. 0.],226,AquaticAnimal,Triangle,"[[ 0.99363008 -0.11184406  0.01379056]
 [-0.00571812 -0.17225672 -0.9850355 ]
 [-0.11254589 -0.97868204  0.17179899]]",[0.06341259 0.00138989 0.0016271 ],17.950196729549997,"[np.float64(87.32253958146576), np.float64(1.904288937413443), np.float64(7.99533867367711)]"
18,../shapes/Bed/D00031.obj,1867,[-0.16601179  0.05554633  0.02336353],[-0.16601179  0.05554633  0.02336353],[1. 1. 1.],0.6624384765648259,2.226108319666633,[-0.669666  0.930426 -0.708463  0.726534 -0.267503  0.312193],[0. 0. 0.],3590,Bed,Triangle,"[[-0.04008442 -0.9982518  -0.04343481]
 [ 0.03262356  0.04213906 -0.99857899]
 [-0.99866358  0.04144445 -0.03087741]]",[0.01236356 0.28520725 0.22218709],373.2004829432218,"[np.float64(-142.3653010797339), np.float64(123.45691735256985), np.float64(21.865931720235885)]"
19,../shapes/Bed/D00121.obj,15368,[-0.19096226  0.11417259  0.20733451],[-0.19096226  0.11417259  0.20733451],[1. 1. 1.],0.7465266843950408,2.429646098541514,[-0.912283  0.78579  -0.599669  0.858504 -0.482021  0.463209],[0. 0. 0.],24612,Bed,Triangle,"[[ 0.97536658  0.20549266 -0.08020478]
 [ 0.21046069 -0.97580213  0.05930003]
 [ 0.06607827  0.07471922  0.99501291]]",[0.38759629 0.15339093 0.03031534],1614.7723690875764,"[np.float64(-4429.8669172676655), np.float64(1992.7928670523386), np.float64(1700.7484172688494)]"
20,../shapes/Bed/D00538.obj,7136,[-0.00475788  0.1146729   0.10265701],[-0.00475788  0.1146729   0.10265701],[1. 1. 1.],0.9091634201657574,2.1802635229313454,[-0.838246  0.8386   -0.479658  0.702627 -0.325735  0.411787],[0. 0. 0.],13868,Bed,Triangle,"[[ 0.99558751  0.05642147  0.07498085]
 [ 0.07730096 -0.04012556 -0.99620003]
 [ 0.05319842 -0.9976004   0.04430994]]",[0.59003775 0.04203848 0.19631938],403.2969631558774,"[np.float64(-106.83726256879339), np.float64(1363.2614688424817), np.float64(485.4132804843086)]"
21,../shapes/Bed/D00735.obj,453,[-0.13221454  0.1241256   0.04714398],[-0.13221454  0.1241256   0.04714398],[1. 1. 1.],0.48421862284461353,2.39511791889126,[-0.644923  1.11344  -0.684425  0.73777  -0.312594  0.476146],[0. 0. 0.],684,Bed,Triangle,"[[ 0.97562333 -0.21766996 -0.02790903]
 [-0.21428134 -0.97234514  0.09288932]
 [ 0.04735643  0.0846446   0.99528522]]",[0.22168637 0.11605561 0.01230235],174.74023800526774,"[np.float64(-2.213308268378734), np.float64(41.11118650564759), np.float64(5.543361799291225)]"
22,../shapes/Bed/m948.obj,4597,[0.51297679 0.44666995 0.42297758],[0.51297679 0.44666995 0.42297758],[1. 1. 1.],0.6265522961475851,1.5916806339174954,[0.025    0.975    0.025    0.893382 0.025    0.961408],[0. 0. 0.],9038,Bed,Triangle,"[[-0.14074129 -0.9832638  -0.11569003]
 [-0.98940613  0.14388857 -0.01927678]
 [-0.03560064 -0.11175138  0.99309829]]",[0.098634   0.13901924 0.17409414],3051.7296594242907,"[np.float64(3612.9406491645695), np.float64(2708.244555609027), np.float64(3161.1734636437322)]"
23,../shapes/Bed/m950.obj,437,[0.39720744 0.44493801 0.49997186],[0.39720744 0.44493801 0.49997186],[1. 1. 1.],0.6338578520718481,1.4844176794234833,[0.025    0.769384 0.025    0.889227 0.025    0.975   ],[0. 0. 0.],724,Bed,Triangle,"[[ 9.99999994e-01  1.05313186e-04  3.95088175e-05]
 [ 1.07614253e-04 -9.97972517e-01 -6.36462419e-02]
 [-3.27259255e-05 -6.36462457e-02  9.97972522e-01]]",[0.09869962 0.13116542 0.17607954],96.31504920651456,"[np.float64(178.14287775329217), np.float64(229.61050585832484), np.float64(291.6444529077832)]"
24,../shapes/Bicycle/D00555.obj,34364,[0.0209129  0.10363354 0.02713095],[0.0209129  0.10363354 0.02713095],[1. 1. 1.],0.5673975707051957,2.398759220379986,[-0.953013  0.973589 -0.49476   0.757895 -0.333261  0.354566],[0. 0. 0.],64544,Bicycle,Triangle,"[[ 0.99967402 -0.02499975  0.00518269]
 [-0.02502097 -0.99967864  0.00406984]
 [-0.00507928  0.00419819  0.99997829]]",[0.26819921 0.0816824  0.00659577],717.6965487190664,"[np.float64(1354.887979980019), np.float64(3885.651039644661), np.float64(173.29322680563106)]"
25,../shapes/Bicycle/D00904.obj,5354,[0.08402949 0.12689448 0.00150127],[0.08402949 0.12689448 0.00150127],[1. 1. 1.],0.5984763835200723,2.310577862908108,[-0.959896  0.953013 -0.599316  0.637406 -0.196088  0.191298],[0. 0. 0.],10548,Bicycle,Triangle,"[[ 0.99198194  0.12634241  0.00307079]
 [ 0.12632712 -0.99197728  0.00474807]
 [-0.00364604  0.00432208  0.99998401]]",[0.29776572 0.09531344 0.00263736],910.637278516407,"[np.float64(576.7680892779729), np.float64(711.6906177295936), np.float64(-0.45472805140721617)]"
26,../shapes/Bicycle/D00931.obj,32603,[-0.04375733  0.10297372 -0.06291257],[-0.04375733  0.10297372 -0.06291257],[1. 1. 1.],0.4902494381060395,2.152935865153442,[-0.920573  0.849829 -0.400919  0.684049 -0.432948  0.135958],[0. 0. 0.],64230,Bicycle,Triangle,"[[ 0.98330698 -0.17433     0.05211944]
 [-0.16051367 -0.96598822 -0.20273658]
 [-0.08568983 -0.19098641  0.97784531]]",[0.21226612 0.06341378 0.00665509],1485.2809022526737,"[np.float64(-1638.2277929355937), np.float64(2367.042641153513), np.float64(-906.7229443059965)]"
27,../shapes/Bicycle/m1473.obj,2192,[0.50795718 0.24512848 0.17045993],[0.50795718 0.24512848 0.17045993],[1. 1. 1.],0.29679165614381403,1.126840986337469,[0.025    0.975    0.025    0.557643 0.025    0.314071],[0. 0. 0.],4448,Bicycle,Triangle,"[[ 9.98809830e-01  4.87735546e-02  2.53783695e-04]
 [ 4.87722037e-02 -9.98802375e-01  3.88423066e-03]
 [-4.42927493e-04  3.86723018e-03  9.99992424e-01]]",[0.08090855 0.0156622  0.00069701],122.22499379093657,"[np.float64(1506.5890310060151), np.float64(326.4964440706616), np.float64(131.45740975809295)]"
28,../shapes/Bicycle/m1475.obj,6049,[0.4864563  0.21664506 0.1372155 ],[0.4864563  0.21664506 0.1372155 ],[1. 1. 1.],0.20781072686705201,1.0881495294719379,[0.025    0.975    0.025    0.513449 0.025    0.232333],[0. 0. 0.],12065,Bicycle,Triangle,"[[ 0.92423417  0.38182153 -0.00187272]
 [ 0.38161575 -0.92355104  0.03772122]
 [-0.01267323  0.0355779   0.99928655]]",[0.04556199 0.01358477 0.0009254 ],1320.5581999883073,"[np.float64(3336.0864761799885), np.float64(763.3835731599454), np.float64(238.6301768007921)]"
29,../shapes/Bicycle/m1476.obj,436,[0.15897068 0.27499105 0.52022824],[0.15897068 0.27499105 0.52022824],[1. 1. 1.],0.27512917952798094,1.1314334856075279,[0.025    0.299675 0.025    0.574723 0.025    0.975   ],[0. 0. 0.],916,Bicycle,Triangle,"[[-0.99989768  0.01420754 -0.00166557]
 [ 0.01393672  0.99378499  0.1104408 ]
 [-0.00322431 -0.11040628  0.99388131]]",[0.00109771 0.02122927 0.0652218 ],30.41966556679145,"[np.float64(23.981195386071988), np.float64(87.55084386366806), np.float64(303.8349933446284)]"
30,../shapes/Biplane/D00276.obj,567,[-0.32785492  0.0759671   0.13116074],[-0.32785492  0.0759671   0.13116074],[1. 1. 1.],0.4768199902456539,2.592742786880719,[-1.08018   0.699036 -0.864861  0.766394 -0.468883  0.477538],[0. 0. 0.],916,Biplane,Triangle,"[[ 1.78816032e-01 -9.08726575e-01 -3.77148298e-01]
 [ 7.49182741e-04  3.83452201e-01 -9.23560419e-01]
 [-9.83882242e-01 -1.64864856e-01 -6.92482032e-02]]",[0.0438167  0.11934581 0.13616973],42.24220673696798,"[np.float64(-169.43234961467383), np.float64(-0.3635522704604415), np.float64(37.37930070591081)]"
31,../shapes/Biplane/D00277.obj,22427,[-0.09817587 -0.0434229   0.0094486 ],[-0.09817587 -0.0434229   0.0094486 ],[1. 1. 1.],0.29127518605160224,2.3765533591893115,[-0.557817  0.804851 -1.05515   0.813411 -0.278621  0.268756],[0. 0. 0.],41567,Biplane,Triangle,"[[ 0.99973644 -0.0161532   0.01631323]
 [-0.01519528  0.06706694  0.99763276]
 [ 0.01720904  0.99761771 -0.06680381]]",[0.07170708 0.01124457 0.04238678],55329.129393282834,"[np.float64(296.5880269033036), np.float64(-641.1597579002422), np.float64(26.91917037045942)]"
32,../shapes/Biplane/D00320.obj,9723,[-0.00136033  0.04457353  0.01824898],[-0.00136033  0.04457353  0.01824898],[1. 1. 1.],0.36104759916809986,2.3447513786841028,[-0.990106  0.984606 -0.75142   0.427939 -0.152266  0.303238],[0. 0. 0.],17476,Biplane,Triangle,"[[-0.01151524  0.99987445 -0.0108849 ]
 [-0.00368847  0.01084307  0.99993441]
 [-0.99992689 -0.01155463 -0.00356315]]",[0.01051447 0.09234232 0.07408992],2173.69328688192,"[np.float64(-12.101928762852191), np.float64(-123.82882083118645), np.float64(70.33495012017889)]"
33,../shapes/Biplane/m1134.obj,338,[0.22293053 0.50007378 0.07600688],[0.22293053 0.50007378 0.07600688],[1. 1. 1.],0.2274400856415747,1.091857858214154,[0.025    0.542388 0.025    0.975    0.025    0.1732  ],[0. 0. 0.],512,Biplane,Triangle,"[[-9.99127983e-01  4.17521112e-02 -1.85978574e-04]
 [-1.86380508e-04 -5.73407892e-06  9.99999983e-01]
 [-4.17521094e-02 -9.99128000e-01 -1.35108584e-05]]",[0.02309563 0.00115562 0.04855151],45.38839166566096,"[np.float64(30.630870388585183), np.float64(138.49813805798155), np.float64(3.1973093614889954)]"
34,../shapes/Biplane/m1143.obj,3336,[0.19520923 0.50003685 0.10471679],[0.19520923 0.50003685 0.10471679],[1. 1. 1.],0.20773115036802803,1.0800621960766887,[0.025    0.504495 0.025    0.975    0.025    0.209713],[0. 0. 0.],6570,Biplane,Triangle,"[[-9.97539057e-01 -7.01129433e-02 -6.96054214e-05]
 [ 7.61332709e-05 -9.04325220e-05 -9.99999993e-01]
 [-7.01129365e-02  9.97539055e-01 -9.55479005e-05]]",[0.02036339 0.00342241 0.02885719],704.3337817526036,"[np.float64(364.5690790190142), np.float64(1825.6317208846353), np.float64(91.27709932406317)]"
35,../shapes/Biplane/m1144.obj,3627,[0.49783718 0.18999259 0.18287936],[0.49783718 0.18999259 0.18287936],[1. 1. 1.],0.17757596972020495,1.2050497144172103,[0.025    0.975    0.025    0.716901 0.025    0.291304],[0. 0. 0.],6736,Biplane,Triangle,"[[-0.99870804  0.04966963  0.01073194]
 [ 0.04812495  0.9923028  -0.11410149]
 [ 0.01631671  0.1134376   0.99341113]]",[0.01890751 0.02194818 0.00529078],1821.4309536905384,"[np.float64(1780.7727069621337), np.float64(376.760709643284), np.float64(260.7302513174775)]"
36,../shapes/Bird/D00546.obj,1162,[-0.23432716  0.04131901  0.03632965],[-0.23432716  0.04131901  0.03632965],[1. 1. 1.],0.23172128686386623,2.1102484106258674,[-1.23614   0.715362 -0.288082  0.408477 -0.248996  0.150496],[0. 0. 0.],2012,Bird,Triangle,"[[ 0.99778296  0.05959752 -0.02961926]
 [ 0.03938237 -0.16997562  0.98466102]
 [-0.0536488   0.98364446  0.17194587]]",[0.04712614 0.00481533 0.02830629],92.81095950535475,"[np.float64(-163.89552252474684), np.float64(14.640345467833773), np.float64(7.648428154093878)]"
37,../shapes/Bird/D00599.obj,1792,[-0.23533402 -0.02580644  0.0178324 ],[-0.23533402 -0.02580644  0.0178324 ],[1. 1. 1.],0.3719223905225092,2.1038340275128644,[-1.20739   0.749861 -0.452237  0.290011 -0.05299   0.157614],[0. 0. 0.],3626,Bird,Triangle,"[[ 0.99950033 -0.03046154 -0.00843655]
 [-0.03070697 -0.9990576  -0.03067562]
 [ 0.00749417 -0.03091936  0.99949379]]",[0.16913345 0.01957043 0.00286789],29.362921928703923,"[np.float64(-573.509971904427), np.float64(-24.899690801764653), np.float64(8.575229770399405)]"
38,../shapes/Bird/m34.obj,233,[0.49999345 0.1460853  0.29366611],[0.49999345 0.1460853  0.29366611],[1. 1. 1.],0.21122975004759448,1.1072762525968847,[0.025    0.975    0.025    0.257154 0.025    0.544293],[0. 0. 0.],462,Bird,Triangle,"[[-9.99999982e-01  1.87165790e-04 -5.38592743e-06]
 [ 2.19761820e-05  1.45883972e-01  9.89301706e-01]
 [-1.85949155e-04 -9.89301689e-01  1.45883974e-01]]",[0.04000592 0.01263455 0.00487073],12.719195635946246,"[np.float64(133.10524751456444), np.float64(12.008332839947109), np.float64(45.55888290606333)]"
39,../shapes/Bird/m37.obj,567,[0.49973975 0.20697216 0.44863551],[0.49973975 0.20697216 0.44863551],[1. 1. 1.],0.2595157957465624,1.2619787738995454,[0.025    0.975    0.025    0.437258 0.025    0.746203],[0. 0. 0.],1130,Bird,Triangle,"[[-9.99831532e-01 -1.83550486e-02 -1.87266801e-05]
 [-4.23062735e-03  2.31442192e-01 -9.72839459e-01]
 [-1.78608497e-02  9.72675487e-01  2.31480855e-01]]",[0.03681454 0.03501052 0.00888005],77.20217513666366,"[np.float64(321.3813951275562), np.float64(59.31064610688995), np.float64(266.07459759784876)]"
40,../shapes/Bird/m41.obj,1824,[0.49964698 0.10632516 0.29056732],[0.49964698 0.10632516 0.29056732],[1. 1. 1.],0.19733741148625553,1.055197741969248,[0.025    0.975    0.025    0.147249 0.025    0.467716],[0. 0. 0.],3709,Bird,Triangle,"[[ 9.99999797e-01 -5.91056814e-04  2.39500460e-04]
 [-2.83343254e-04 -7.53281475e-02  9.97158759e-01]
 [ 5.71336352e-04  9.97158624e-01  7.53282996e-02]]",[0.04371809 0.00621901 0.00091361],42.39448210554372,"[np.float64(1084.321901175628), np.float64(45.29083493542554), np.float64(336.46182300386107)]"
41,../shapes/Bookset/D01009.obj,444,[0.21094008 0.03690482 0.15810811],[0.21094008 0.03690482 0.15810811],[1. 1. 1.],0.1912254020641927,0.5629387178015028,[0.   0.42 0.   0.26 0.   0.27],[0. 0. 0.],3156,Bookset,Triangle,"[[-0.00301239 -0.99995118 -0.00941123]
 [-0.99807512  0.00358944 -0.06191255]
 [-0.06194331 -0.00920661  0.99803721]]",[0.00650345 0.01547116 0.01761102],289.7101659773399,"[np.float64(189.907627228264), np.float64(21.944606476561386), np.float64(113.28974999999939)]"
42,../shapes/Bookset/D01030.obj,208,[0.24089692 0.16466017 0.11975083],[0.24089692 0.16466017 0.11975083],[1. 1. 1.],0.2171489789702225,0.6267326965948082,[ 0.        0.421721 -0.        0.306934 -0.        0.347472],[0. 0. 0.],1152,Bookset,Triangle,"[[-0.50155067 -0.8281979  -0.25007033]
 [-0.22194684 -0.15620246  0.96246579]
 [ 0.83617374 -0.53822768  0.10547246]]",[0.02070273 0.01289963 0.01601856],15.686228995761505,"[np.float64(83.99325524222131), np.float64(40.81366177631782), np.float64(31.561594582324336)]"
43,../shapes/Bookset/D01065.obj,360,[3.67882267 0.54069853 0.13212744],[3.67882267 0.54069853 0.13212744],[1. 1. 1.],0.21253301979439015,0.6327883306928157,"[ 3.387116e+00  3.888541e+00  4.483350e-01  7.142410e-01 -4.000000e-04
  2.794000e-01]",[0. 0. 0.],918,Bookset,Triangle,"[[ 0.80951347 -0.58621382  0.03226911]
 [-0.02349801  0.0225686   0.99946911]
 [ 0.58663088  0.80984197 -0.00449472]]",[0.01950358 0.01553979 0.01263651],4.503853416548028,"[np.float64(12440.058829710166), np.float64(258.686716236771), np.float64(19.32428346718936)]"
44,../shapes/Bookset/D01146.obj,2694,[2.38553192 2.11962271 0.17318064],[2.38553192 2.11962271 0.17318064],[1. 1. 1.],0.15102289219082607,0.843822883624875,[2.10781  2.82142  2.01541  2.3333   0.       0.318973],[0. 0. 0.],7149,Bookset,Triangle,"[[ 0.94717272 -0.29601251  0.1234521 ]
 [-0.28528153 -0.95347693 -0.09744841]
 [-0.14655468 -0.05708187  0.98755424]]",[0.0176951  0.00656099 0.00255619],1702.4171723011907,"[np.float64(40331.88394533617), np.float64(32821.81449662619), np.float64(239.07759492090727)]"
45,../shapes/Bookset/D01182.obj,188,[-0.0228914   0.07404049  0.10737686],[-0.0228914   0.07404049  0.10737686],[1. 1. 1.],0.1424517092274015,0.38085220275718507,[-0.108086  0.072563  0.013947  0.246285  0.        0.24173 ],[0. 0. 0.],1020,Bookset,Triangle,"[[-0.93401264  0.34207153 -0.1029925 ]
 [ 0.35303185  0.92793996 -0.11956565]
 [-0.05467085  0.14803547  0.9874698 ]]",[0.00194003 0.00655794 0.01263627],13.817134028016193,"[np.float64(-1.857073999471666), np.float64(8.691503435932956), np.float64(18.955329969660696)]"
46,../shapes/Bottle/D00123.obj,1067,[-0.13508106 -0.04773411 -0.00466116],[-0.13508106 -0.04773411 -0.00466116],[1. 1. 1.],0.572561609597836,1.656962756952612,[-0.785998  0.781472 -0.272641  0.122641 -0.188644  0.175108],[0. 0. 0.],2044,Bottle,Triangle,"[[ 0.99882497 -0.04643218 -0.01388247]
 [-0.04837648 -0.93814112 -0.34285705]
 [-0.00289588 -0.34312577  0.93928501]]",[0.38479325 0.00716561 0.00715668],55.313490816765,"[np.float64(-175.46047234765715), np.float64(-16.268177346298113), np.float64(-1.4504896218425598)]"
47,../shapes/Bottle/D00139.obj,2452,[-0.13796649 -0.01329888  0.00955225],[-0.13796649 -0.01329888  0.00955225],[1. 1. 1.],0.608863841504291,1.7416191404532162,[-0.918061  0.728216 -0.211906  0.193114 -0.194712  0.203996],[0. 0. 0.],4860,Bottle,Triangle,"[[ 0.99985502 -0.01473209 -0.00853794]
 [ 0.01353855  0.99192625 -0.1260913 ]
 [-0.0103266  -0.12595743 -0.9919819 ]]",[0.4085024  0.00679118 0.00683207],209.55610304346894,"[np.float64(-648.3615542829447), np.float64(-7.762772886564666), np.float64(5.269961104684441)]"
48,../shapes/Bottle/D00311.obj,829,[ 0.35877042  0.03834135 -0.02450421],[ 0.35877042  0.03834135 -0.02450421],[1. 1. 1.],0.5372863461632245,1.9644607082303784,[-0.831219  0.878387 -0.338461  0.349036 -0.336791  0.344165],[0. 0. 0.],1448,Bottle,Triangle,"[[ 0.99882352  0.03970213 -0.02784456]
 [ 0.04843617 -0.84460476  0.53319484]
 [ 0.00234867  0.53391623  0.84553412]]",[0.32960716 0.02197258 0.02611987],446.1592120498782,"[np.float64(364.0520049630315), np.float64(13.973285148865562), np.float64(-2.123822102017217)]"
49,../shapes/Bottle/D00892.obj,2474,[0.09611912 0.048574   0.00052678],[0.09611912 0.048574   0.00052678],[1. 1. 1.],0.5954689388972711,1.798495018269442,[-0.674448  1.01623  -0.151915  0.287525 -0.214476  0.213408],[0. 0. 0.],4940,Bottle,Triangle,"[[ 0.99922614  0.03682511 -0.01382149]
 [-0.03929802  0.91974371 -0.39054728]
 [ 0.00166972 -0.3907882  -0.92047911]]",[0.37419562 0.01249639 0.01251947],31.041549678814892,"[np.float64(660.0490337253875), np.float64(52.3896657649433), np.float64(0.20779933697820085)]"
50,../shapes/Bottle/m484.obj,460,[0.15731457 0.61072017 0.15703033],[0.15731457 0.61072017 0.15703033],[1. 1. 1.],0.31767806376447105,1.020716117989718,[0.025    0.288882 0.025    0.975    0.025    0.28906 ],[0. 0. 0.],888,Bottle,Triangle,"[[-8.48256640e-04 -9.99999632e-01  1.26092435e-04]
 [-9.99999640e-01  8.48256493e-04 -1.22433231e-06]
 [-1.11737313e-06  1.26093428e-04  9.99999992e-01]]",[0.11911824 0.00397999 0.00397331],15.662111154300232,"[np.float64(25.478988514174006), np.float64(444.95533807552954), np.float64(25.401858021682905)]"
51,../shapes/Bottle/m488.obj,144,[0.65736447 0.20022365 0.2001068 ],[0.65736447 0.20022365 0.2001068 ],[1. 1. 1.],0.31286209100991424,1.0713927179237313,[0.025    0.975    0.025    0.375332 0.025    0.375214],[0. 0. 0.],284,Bottle,Triangle,"[[-9.99999979e-01  2.03684909e-04 -3.73235288e-08]
 [-2.03684909e-04 -9.99999979e-01  1.06013869e-07]
 [ 3.73019346e-08 -1.06021449e-07 -1.00000000e+00]]",[0.11555975 0.00795901 0.00795902],36.74895365655792,"[np.float64(152.93358483161202), np.float64(13.735360961542778), np.float64(13.420080787277795)]"
52,../shapes/BuildingNonResidential/m383.obj,2328,[0.30635116 0.52953385 0.30788286],[0.30635116 0.52953385 0.30788286],[1. 1. 1.],0.28509545954109794,1.2608035479903281,[0.025    0.63328  0.025    0.975    0.025    0.588135],[0. 0. 0.],4460,BuildingNonResidential,Triangle,"[[ 0.01487793 -0.99605642 -0.0874657 ]
 [-0.99790511 -0.00928337 -0.06402508]
 [-0.06296061 -0.08823503  0.99410791]]",[0.03952645 0.02680642 0.02590966],213.38353110342365,"[np.float64(540.4654348453961), np.float64(1392.380798283499), np.float64(539.0397013264555)]"
53,../shapes/BuildingNonResidential/m396.obj,445,[0.4484767  0.21878975 0.44669098],[0.4484767  0.21878975 0.44669098],[1. 1. 1.],0.3766284189877068,1.5487534513698427,[0.025    0.949627 0.025    0.975    0.025    0.825751],[0. 0. 0.],470,BuildingNonResidential,Triangle,"[[ 0.49961529  0.83932554  0.21428299]
 [ 0.00217567  0.24615265 -0.96922863]
 [ 0.86624467 -0.48470765 -0.12115553]]",[0.06383165 0.05023776 0.04080841],10.933558370920064,"[np.float64(118.45137648427784), np.float64(37.14529864953783), np.float64(119.5810767911295)]"
54,../shapes/BuildingNonResidential/m399.obj,7530,[0.50001177 0.30825599 0.49896448],[0.50001177 0.30825599 0.49896448],[1. 1. 1.],0.34397828095384664,1.4621181645277512,[0.025    0.975    0.025    0.607391 0.025    0.971631],[0. 0. 0.],13536,BuildingNonResidential,Triangle,"[[-1.00000000e+00 -8.41496945e-06 -2.06599117e-07]
 [-8.41412243e-06  9.99992761e-01 -3.80494566e-03]
 [-2.38616123e-07  3.80494566e-03  9.99992761e-01]]",[0.06357918 0.01391052 0.06395093],1238.3848578087511,"[np.float64(4260.31924525321), np.float64(1476.8803426610082), np.float64(4253.033837221183)]"
55,../shapes/BuildingNonResidential/m407.obj,229,[0.41166101 0.55488054 0.38955454],[0.41166101 0.55488054 0.38955454],[1. 1. 1.],0.3436670672705032,1.4270831818397973,[0.025    0.799381 0.025    0.975    0.025    0.756027],[0. 0. 0.],404,BuildingNonResidential,Triangle,"[[ 9.99999741e-01  6.97677001e-04 -1.76311885e-04]
 [ 6.97655067e-04 -9.99999749e-01 -1.24430969e-04]
 [ 1.76398654e-04 -1.24307932e-04  9.99999977e-01]]",[0.01746208 0.0749991  0.04503376],24.283980001112564,"[np.float64(73.75385454519784), np.float64(157.88901930546993), np.float64(77.12406493578902)]"
56,../shapes/BuildingNonResidential/m410.obj,1217,[0.51822322 0.1471755  0.44370751],[0.51822322 0.1471755  0.44370751],[1. 1. 1.],0.2767511300646112,1.3871194304031647,[0.025    0.975    0.025    0.441981 0.025    0.945721],[0. 0. 0.],2076,BuildingNonResidential,Triangle,"[[ 0.97896684 -0.20400417  0.00249597]
 [-0.00737529 -0.02316096  0.99970454]
 [ 0.20388608  0.978696    0.0241784 ]]",[0.04311739 0.04199324 0.0106541 ],536.4904805646606,"[np.float64(638.570482705287), np.float64(64.38547156266836), np.float64(483.3226900038795)]"
57,../shapes/BuildingNonResidential/m474.obj,1361,[0.49642377 0.17381726 0.50055604],[0.49642377 0.17381726 0.50055604],[1. 1. 1.],0.6531389510897071,1.5617914633682692,[0.025    0.968491 0.025    0.829063 0.025    0.975   ],[0. 0. 0.],2670,BuildingNonResidential,Triangle,"[[-9.98701194e-01 -5.09482150e-02  4.51697972e-04]
 [ 5.01095835e-04 -9.56800950e-04  9.99999417e-01]
 [ 5.09477531e-02 -9.98700838e-01 -9.81088190e-04]]",[0.19954472 0.20243226 0.02568779],588.8798453245633,"[np.float64(1187.6876498789522), np.float64(144.82959079353856), np.float64(1206.3709941090508)]"
58,../shapes/Bus/D00084.obj,12919,[1.5361942  1.70947498 1.85667397],[1.5361942  1.70947498 1.85667397],[1. 1. 1.],9.276060680118027,26.557471700503815,[ -1.27166    4.24847  -10.3559    14.7305    -0.038539   6.70683 ],[0. 0. 0.],75870,Bus,Triangle,"[[ 0.0078187   0.99916887  0.04000535]
 [ 0.99993268 -0.00746913 -0.00888015]
 [ 0.00857396 -0.04007208  0.99916   ]]",[85.45643291  3.8273451   2.00349502],3024.947540103014,"[np.float64(437119.95621081593), np.float64(2135200.0758727333), np.float64(401146.29139916424)]"
59,../shapes/Bus/D00114.obj,7643,[3.23619981 1.12697567 1.6931597 ],[3.23619981 1.12697567 1.6931597 ],[1. 1. 1.],2.635703686259214,8.199614911770642,"[-2.40609e-05  6.85437e+00  2.99705e-02  2.27924e+00  0.00000e+00
  3.89766e+00]",[0. 0. 0.],53259,Bus,Triangle,"[[ 0.9982266  -0.05809443  0.01298851]
 [-0.01311783 -0.00184514  0.99991226]
 [ 0.05806536  0.99830939  0.00260394]]",[5.49673072 1.35805796 0.64718695],2745.6923822140875,"[np.float64(833209.0955638251), np.float64(103192.0771466199), np.float64(242774.00956702363)]"
60,../shapes/Bus/D00179.obj,5976,[1.93127306 7.37053412 1.75586512],[1.93127306 7.37053412 1.75586512],[1. 1. 1.],3.837447093014452,15.060780952039504,[ 0.171614  3.75681   0.44237  14.485     0.        4.0961  ],[0. 0. 0.],42567,Bus,Triangle,"[[ 0.00552021  0.99993813 -0.00965748]
 [ 0.99977316 -0.00532012  0.02062346]
 [-0.0205708   0.00976914  0.99974067]]",[16.02864214  1.26029542  0.55545712],1366.3766574454303,"[np.float64(207975.8483316119), np.float64(2943491.063223201), np.float64(157520.75295487948)]"
61,../shapes/Bus/D00264.obj,11096,[ 1.08981921 -9.16665287  0.72347622],[ 1.08981921 -9.16665287  0.72347622],[1. 1. 1.],4.6787362118009845,13.354199013342583,[ -0.641156   2.90488  -14.5646    -2.19661   -0.363642   3.2131  ],[0. 0. 0.],67185,Bus,Triangle,"[[ 0.00472609  0.99976983  0.02092742]
 [ 0.99956226 -0.00411184 -0.02929807]
 [ 0.02920527 -0.02105673  0.99935162]]",[20.6268193   1.5197883   0.57188745],1500.1033996612098,"[np.float64(174178.23438698828), np.float64(-6975006.398935416), np.float64(73744.92894016308)]"
62,../shapes/Bus/D00754.obj,8866,[1.39147984 8.3029707  1.1034974 ],[1.39147984 8.3029707  1.1034974 ],[1. 1. 1.],4.343057242696744,15.008140024806536,[ 0.       2.80429  0.      14.1246   0.       4.22799],[0. 0. 0.],59982,Bus,Triangle,"[[ 0.00450925 -0.9993444   0.03592262]
 [-0.9995006  -0.00338058  0.03141856]
 [ 0.03127652  0.03604635  0.99886057]]",[20.87200594  0.84900533  0.75181808],748.2983292702385,"[np.float64(166361.5270019446), np.float64(5284762.50723278), np.float64(129699.11455443167)]"
63,../shapes/Car/D00299.obj,23527,[-0.00047316  0.09904114  0.08709497],[-0.00047316  0.09904114  0.08709497],[1. 1. 1.],0.617494485077472,2.1709686212902755,[-0.853657  0.775096 -0.457605  0.648322 -0.401928  0.513055],[0. 0. 0.],45452,Car,Triangle,"[[ 0.99030672  0.13647111 -0.02585036]
 [ 0.13873276 -0.98091908  0.13620198]
 [ 0.00676948  0.13846803  0.99034377]]",[0.23120798 0.14694522 0.03573993],121554.34901376403,"[np.float64(-258.8123486261249), np.float64(3175.1784183010313), np.float64(1273.9953215019937)]"
64,../shapes/Car/m1487.obj,7454,[0.25171787 0.16346236 0.5545275 ],[0.25171787 0.16346236 0.5545275 ],[1. 1. 1.],0.39500243229038645,1.1172622427169907,[0.025    0.479235 0.025    0.398424 0.025    0.975   ],[0. 0. 0.],15436,Car,Triangle,"[[-0.99999478 -0.00282192  0.00157607]
 [ 0.00155201  0.00850785  0.9999626 ]
 [ 0.00283523 -0.99995983  0.00850343]]",[0.03720045 0.114754   0.00746756],1817.2684194391368,"[np.float64(1549.782735940082), np.float64(515.7961405372938), np.float64(6490.804016909935)]"
65,../shapes/Car/m1507.obj,6514,[0.23201298 0.09199752 0.45402127],[0.23201298 0.09199752 0.45402127],[1. 1. 1.],0.327432238632181,1.0527240591351563,[0.025    0.437739 0.025    0.213081 0.025    0.975   ],[0. 0. 0.],12769,Car,Triangle,"[[-9.99999499e-01 -9.98328265e-04  7.88577151e-05]
 [-9.99548334e-04  9.99848369e-01 -1.73850565e-02]
 [ 6.14897645e-05  1.73851266e-02  9.99848865e-01]]",[0.01935915 0.00113454 0.09585401],1115.0978140082132,"[np.float64(933.8994629464019), np.float64(121.58019655551693), np.float64(3856.874417852829)]"
66,../shapes/Car/m1526.obj,320,[0.22743206 0.12690331 0.54318069],[0.22743206 0.12690331 0.54318069],[1. 1. 1.],0.3626696990568855,1.0654321139256127,[0.025    0.43005  0.025    0.286878 0.025    0.975   ],[0. 0. 0.],560,Car,Triangle,"[[-9.99999755e-01 -6.99993948e-04 -2.76170323e-06]
 [-6.99983030e-04  9.99941615e-01  1.07831895e-02]
 [ 4.78662538e-06 -1.07831888e-02  9.99941860e-01]]",[0.02518607 0.00377492 0.11034268],44.41883008042788,"[np.float64(42.650425015935554), np.float64(10.690175102532203), np.float64(207.86458285263993)]"
67,../shapes/Car/m1547.obj,249,[0.51425012 0.15377958 0.29705343],[0.51425012 0.15377958 0.29705343],[1. 1. 1.],0.3600730134271878,1.1220856628778393,[0.025    0.975    0.025    0.266356 0.025    0.57119 ],[0. 0. 0.],440,Car,Triangle,"[[ 0.9987202   0.04969136  0.00941958]
 [ 0.04967907 -0.99876405  0.00153494]
 [-0.00948421  0.00106502  0.99995446]]",[0.0992711  0.00411722 0.03650732],12.536458819029523,"[np.float64(159.0592762964854), np.float64(12.395310935094885), np.float64(53.86145051257693)]"
68,../shapes/Car/m1556.obj,35131,[0.4933944  0.16442819 0.19523484],[0.4933944  0.16442819 0.19523484],[1. 1. 1.],0.28011959897511973,1.0553779884842207,[0.025    0.975    0.025    0.333696 0.025    0.365631],[0. 0. 0.],119540,Car,Triangle,"[[ 0.99899808 -0.04432029 -0.00620906]
 [-0.04448209 -0.99859095 -0.02893893]
 [ 0.00491773 -0.02918613  0.9995619 ]]",[0.07788434 0.00362597 0.01046178],2817.313793791247,"[np.float64(38064.14970557461), np.float64(3741.3821429958393), np.float64(5821.761848417662)]"
69,../shapes/Cellphone/D00079.obj,20212,[-0.09670313 -0.01713708  0.0207439 ],[-0.09670313 -0.01713708  0.0207439 ],[1. 1. 1.],0.5440122937685388,2.15052951266101,[-0.936548  1.0206   -0.405795  0.370964 -0.334059  0.10297 ],[0. 0. 0.],36972,Cellphone,Triangle,"[[ 0.99994731 -0.00952003 -0.00383958]
 [-0.00380947  0.00317895 -0.99998769]
 [-0.00953212 -0.99994963 -0.00314252]]",[0.31759127 0.00365416 0.04432104],399.84727388541995,"[np.float64(-1677.7342658852851), np.float64(-231.43149814510323), np.float64(0.3914444495169802)]"
70,../shapes/Cellphone/D00327.obj,6318,[ 0.0595615   0.02904322 -0.02988435],[ 0.0595615   0.02904322 -0.02988435],[1. 1. 1.],0.5364710001169393,2.150630146972045,[-1.13499   0.806077 -0.385219  0.433581 -0.166778  0.265698],[0. 0. 0.],11987,Cellphone,Triangle,"[[ 0.99981217  0.01862751 -0.00535177]
 [ 0.01800635 -0.99492202 -0.09902501]
 [ 0.00716918 -0.09891005  0.99507055]]",[0.30747385 0.05277571 0.00753702],1046.9707290435806,"[np.float64(-152.20449357295476), np.float64(141.0779240743694), np.float64(-19.810516528266906)]"
71,../shapes/Cellphone/D00369.obj,926,[0.07142234 0.0330799  0.02250475],[0.07142234 0.0330799  0.02250475],[1. 1. 1.],0.5716602515201418,1.7697937794924017,[-0.634126  1.03005  -0.201378  0.297345 -0.128572  0.209013],[0. 0. 0.],1735,Cellphone,Triangle,"[[ 0.99710926 -0.07293203  0.02130851]
 [-0.07384114 -0.99622907  0.04555356]
 [-0.01790585  0.04699532  0.99873461]]",[0.31088124 0.03290687 0.00641114],2948.980625351171,"[np.float64(93.70827330918436), np.float64(27.695100992063157), np.float64(5.682312640800329)]"
72,../shapes/Cellphone/D00554.obj,14822,[-0.0779325   0.08110921  0.01244626],[-0.0779325   0.08110921  0.01244626],[1. 1. 1.],0.6685427380270088,2.1614600145903693,[-0.939823  0.967266 -0.383001  0.562863 -0.217155  0.157361],[0. 0. 0.],14376,Cellphone,Triangle,"[[ 0.9973968   0.06660631  0.02762632]
 [ 0.06854555 -0.99471167 -0.07648667]
 [-0.02238573 -0.07818122  0.9966878 ]]",[0.42076769 0.07964612 0.01297933],507.7762589806017,"[np.float64(-1136.1376371499061), np.float64(529.0474043454033), np.float64(50.53571015838756)]"
73,../shapes/Cellphone/D00902.obj,2408,[-0.03101866 -0.04095344 -0.01922817],[-0.03101866 -0.04095344 -0.01922817],[1. 1. 1.],0.7537904213912752,2.151450409218163,[-0.907351  0.967494 -0.522068  0.439696 -0.274709  0.159693],[0. 0. 0.],4580,Cellphone,Triangle,"[[ 0.99923171 -0.03752589 -0.01130486]
 [-0.01315282 -0.04936909 -0.998694  ]
 [-0.03691877 -0.9980754   0.04982474]]",[0.46766349 0.02167404 0.10749229],724.1340435288752,"[np.float64(-63.0038006546662), np.float64(-112.6459270980601), np.float64(-51.289247197345915)]"
