,Path,Vertices,CenterOfMass,Means,Scaling,AverageSize,DiagonalSize,Bounds,Position,Cells,Class,Type,Eigenvalue,Eigenvectors,Distribution
0,../shapes/AircraftBuoyant/m1337.obj,201,[0.45806434 0.51589741 0.45660967],[0.45806434 0.51589741 0.45660967],[1. 1. 1.],0.4403466122066284,1.5479989707722677,[0.025    0.889234 0.025    0.975    0.025    0.889234],[0. 0. 0.],340,AircraftBuoyant,Triangle,"[[ 1.37932984e-03 -8.60879106e-01  5.08807688e-01]
 [-9.99998671e-01 -1.62945564e-03 -4.60612164e-05]
 [-8.68732693e-04  5.08806948e-01  8.60880209e-01]]",[0.10504595 0.04645249 0.04645206],13.599631075722254
1,../shapes/AircraftBuoyant/m1349.obj,432,[0.48583103 0.13479902 0.14961127],[0.48583103 0.13479902 0.14961127],[1. 1. 1.],0.22064304134218482,1.0459789812003872,[0.025    0.975    0.025    0.385203 0.025    0.273648],[0. 0. 0.],640,AircraftBuoyant,Triangle,"[[-9.98584858e-01  5.31815923e-02 -1.52739690e-05]
 [ 5.31815657e-02  9.98584574e-01  7.54565085e-04]
 [-5.53813225e-05 -7.52684974e-04  9.99999715e-01]]",[0.0509046  0.0106754  0.00553908],234.78912127496903
2,../shapes/AircraftBuoyant/m1344.obj,1093,[0.35005955 0.29013131 0.34940063],[0.35005955 0.29013131 0.34940063],[1. 1. 1.],0.31204835739236825,1.3210451626651527,[0.025    0.674099 0.025    0.975    0.025    0.6741  ],[0. 0. 0.],1930,AircraftBuoyant,Triangle,"[[ 1.01636165e-03 -9.99970331e-01  7.63572930e-03]
 [-9.99999434e-01 -1.01874660e-03 -3.08458435e-04]
 [-3.16228156e-04  7.63541147e-03  9.99970800e-01]]",[0.10835615 0.01093409 0.0108532 ],1073.4733712102554
3,../shapes/AircraftBuoyant/m1352.obj,3298,[0.46863493 0.18617714 0.17864334],[0.46863493 0.18617714 0.17864334],[1. 1. 1.],0.27261305909359895,1.058670286635551,[0.025    0.975    0.025    0.376642 0.025    0.332621],[0. 0. 0.],6348,AircraftBuoyant,Triangle,"[[ 0.99999658 -0.0023833  -0.00107235]
 [-0.00238531 -0.99999539 -0.00187921]
 [ 0.00106786 -0.00188176  0.99999766]]",[0.07047498 0.01012987 0.00495225],765.9909295913166
4,../shapes/AircraftBuoyant/m1338.obj,8761,[0.47991081 0.54983541 0.48093688],[0.47991081 0.54983541 0.48093688],[1. 1. 1.],0.43517978135911617,1.6001429833502379,[0.025    0.933058 0.025    0.975    0.025    0.937901],[0. 0. 0.],16960,AircraftBuoyant,Triangle,"[[ 1.08941512e-03 -9.99859261e-01  1.67413076e-02]
 [-9.99999204e-01 -1.09992129e-03 -6.18364268e-04]
 [-6.36691361e-04  1.67406207e-02  9.99859663e-01]]",[0.09733962 0.04685405 0.04683994],86.20736991545172
5,../shapes/AircraftBuoyant/m1351.obj,12987,[0.11664972 0.08584329 0.32030777],[0.11664972 0.08584329 0.32030777],[1. 1. 1.],0.17848667943330296,0.9868278639403125,[0.025    0.2083   0.025    0.219243 0.025    0.975   ],[0. 0. 0.],24466,AircraftBuoyant,Triangle,"[[ 1.00000000e+00 -2.52304108e-06 -2.72694628e-06]
 [ 2.55182995e-06 -6.69796966e-02  9.97754339e-01]
 [ 2.70002522e-06  9.97754339e-01  6.69796966e-02]]",[0.00428565 0.03588715 0.00167125],47286.84305608665
6,../shapes/Apartment/D00953.obj,4158,[-0.19526575  0.01745154 -0.02631714],[-0.19526575  0.01745154 -0.02631714],[1. 1. 1.],0.4534347997777283,2.55019784914367,[-0.949201  0.665321 -0.826799  0.896079 -0.444887  0.51871 ],[0. 0. 0.],7140,Apartment,Triangle,"[[-0.24319934  0.9465329  -0.21196592]
 [-0.07441019  0.19967721  0.97703231]
 [-0.96711799 -0.25338603 -0.02187032]]",[0.03380305 0.105283   0.08755189],415.64674295201786
7,../shapes/Apartment/D00366.obj,1294,[-0.02215598 -0.07962717  0.02382457],[-0.02215598 -0.07962717  0.02382457],[1. 1. 1.],0.6026212928930581,2.4926391816921676,[-0.895467  0.745644 -0.856715  0.59104  -0.663917  0.529402],[0. 0. 0.],2540,Apartment,Triangle,"[[ 0.99661581  0.07339569  0.03701341]
 [ 0.08181126 -0.92941841 -0.35984488]
 [-0.00798988 -0.36165521  0.93227768]]",[0.20970553 0.1047377  0.08072606],47.60979517269761
8,../shapes/Apartment/D00639.obj,4849,[ 0.1916355  -0.02615515 -0.12254833],[ 0.1916355  -0.02615515 -0.12254833],[1. 1. 1.],0.5544279573820372,2.2844846660796394,[-0.542818  1.14108  -0.544259  0.500059 -0.687879  0.449116],[0. 0. 0.],7980,Apartment,Triangle,"[[ 0.98329075  0.18155036  0.01337046]
 [ 0.03728557 -0.12896214 -0.99094831]
 [ 0.17818274 -0.97488883  0.13357649]]",[0.19643149 0.05736936 0.08108464],252.08786408532373
9,../shapes/Apartment/D00626.obj,73184,[-0.0440093  -0.0454781   0.05155436],[-0.0440093  -0.0454781   0.05155436],[1. 1. 1.],0.5545274033690026,2.2084969475285674,[-0.885934  0.906987 -0.597769  0.33114  -0.512373  0.382066],[0. 0. 0.],64688,Apartment,Triangle,"[[ 9.99660294e-01 -2.60456588e-02  9.59735326e-04]
 [-2.55284030e-02 -9.85901061e-01 -1.65370488e-01]
 [-5.25338739e-03 -1.65289810e-01  9.86231048e-01]]",[0.25056353 0.06264458 0.0446895 ],68345.87268189216
10,../shapes/AquaticAnimal/m68.obj,553,[0.52110382 0.13168083 0.10688983],[0.52110382 0.13168083 0.10688983],[1. 1. 1.],0.19688174778348566,0.9965718179142936,[0.025    0.975    0.025    0.278519 0.025    0.18743 ],[0. 0. 0.],1098,AquaticAnimal,Triangle,"[[ 0.9997534  -0.02195357  0.00334242]
 [-0.02192962 -0.99973471 -0.00704316]
 [-0.00349616 -0.00696812  0.99996961]]",[0.04762117 0.00347412 0.00129308],62.40084787138822
11,../shapes/AquaticAnimal/m78.obj,468,[0.34534002 0.24435991 0.26694712],[0.34534002 0.24435991 0.26694712],[1. 1. 1.],0.2729708964731486,1.1431424413698408,[0.025    0.975    0.025    0.51665  0.025    0.428181],[0. 0. 0.],734,AquaticAnimal,Triangle,"[[ 0.98575399  0.16155318  0.04679359]
 [ 0.06926358 -0.64344234  0.76235458]
 [-0.15326978  0.74825298  0.64546561]]",[0.08649475 0.003446   0.00276548],278.8637311894396
12,../shapes/AquaticAnimal/m66.obj,4117,[0.24203397 0.30311843 0.5967383 ],[0.24203397 0.30311843 0.5967383 ],[1. 1. 1.],0.287396898332323,1.1629936950964093,[0.025    0.445705 0.025    0.547553 0.025    0.975   ],[0. 0. 0.],8196,AquaticAnimal,Triangle,"[[ 0.03901673  0.99381542 -0.10396448]
 [ 0.21249645  0.09341167  0.97268675]
 [-0.97638259  0.06004314  0.20753763]]",[0.07709994 0.0065652  0.00514867],122563.75337136492
13,../shapes/AquaticAnimal/m81.obj,857,[0.21681205 0.10910881 0.54467882],[0.21681205 0.10910881 0.54467882],[1. 1. 1.],0.24885288075965403,1.0606442617579186,[0.025  0.4145 0.025  0.291  0.025  0.975 ],[0. 0. 0.],1673,AquaticAnimal,Triangle,"[[ 8.28422658e-04  9.99137378e-01  4.15188294e-02]
 [ 8.46584907e-02 -4.14398646e-02  9.95547928e-01]
 [-9.96409682e-01 -2.69018697e-03  8.46197922e-02]]",[0.07368098 0.00180578 0.00230432],75.67968994802327
14,../shapes/AquaticAnimal/m57.obj,18878,[0.08475104 0.18853803 0.66922081],[0.08475104 0.18853803 0.66922081],[1. 1. 1.],0.21900370433418428,1.0244368675609052,[0.025    0.143963 0.025    0.389443 0.025    0.975   ],[0. 0. 0.],36278,AquaticAnimal,Triangle,"[[-9.99998930e-01 -1.84669139e-04  1.45138392e-03]
 [-1.43903029e-03 -5.49999465e-02 -9.98485320e-01]
 [-2.64215463e-04  9.98486340e-01 -5.49996219e-02]]",[0.00068347 0.05013035 0.00591201],125.61987230115632
15,../shapes/AquaticAnimal/m56.obj,5814,[0.09715948 0.17070122 0.7132265 ],[0.09715948 0.17070122 0.7132265 ],[1. 1. 1.],0.21154999174006597,1.0200474019573795,[0.025    0.168956 0.025    0.367452 0.025    0.975   ],[0. 0. 0.],10893,AquaticAnimal,Triangle,"[[ 9.99963163e-01  8.58243737e-03  1.19653977e-04]
 [ 8.57948928e-03 -9.99839207e-01  1.57465206e-02]
 [-2.54778265e-04  1.57449140e-02  9.99876009e-01]]",[0.00092353 0.00337462 0.05384921],330.31796724156203
16,../shapes/Bed/D00735.obj,453,[-0.13221454  0.1241256   0.04714398],[-0.13221454  0.1241256   0.04714398],[1. 1. 1.],0.48421862284461353,2.39511791889126,[-0.644923  1.11344  -0.684425  0.73777  -0.312594  0.476146],[0. 0. 0.],684,Bed,Triangle,"[[ 0.97562333 -0.21766996 -0.02790903]
 [-0.21428134 -0.97234514  0.09288932]
 [ 0.04735643  0.0846446   0.99528522]]",[0.22168637 0.11605561 0.01230235],174.74023800526774
17,../shapes/Bed/D00545.obj,415,[-0.00745233  0.1494848   0.02958728],[-0.00745233  0.1494848   0.02958728],[1. 1. 1.],0.8176447684881667,2.232170997057349,[-0.832734  0.876784 -0.47967   0.747412 -0.39825   0.346334],[0. 0. 0.],838,Bed,Triangle,"[[ 0.99846683  0.05427608  0.01086679]
 [ 0.01065294  0.00422776 -0.99993432]
 [ 0.05431846 -0.99851702 -0.00364308]]",[0.43633328 0.02791612 0.22098208],196.48669880652176
18,../shapes/Bed/D00650.obj,3752,[-0.01456413 -0.08215799 -0.07833704],[-0.01456413 -0.08215799 -0.07833704],[1. 1. 1.],0.9017601190079599,2.0581267656832996,[-0.863733  0.833154 -0.550605  0.377532 -0.421559  0.282019],[0. 0. 0.],7443,Bed,Triangle,"[[ 0.99865753 -0.04586831 -0.02406747]
 [-0.02542425 -0.02922961 -0.99924934]
 [-0.0451304  -0.99851977  0.03035653]]",[0.62941292 0.0385588  0.15056232],668.5684094637433
19,../shapes/Bed/D00307.obj,2644,[-0.13253326 -0.07024604 -0.01286709],[-0.13253326 -0.07024604 -0.01286709],[1. 1. 1.],0.6391273350587972,2.561521812619404,[-0.820216  0.991699 -0.833938  0.872106 -0.213808  0.392634],[0. 0. 0.],5259,Bed,Triangle,"[[-0.03385267 -0.99648686 -0.0766024 ]
 [-0.03944899 -0.07525431  0.99638374]
 [ 0.99864797 -0.03675214  0.03676284]]",[0.010595   0.22648868 0.24233274],353.26151863035585
20,../shapes/Bed/D00184.obj,7218,[-0.17546487 -0.07941271 -0.08724491],[-0.17546487 -0.07941271 -0.08724491],[1. 1. 1.],0.6341616403308453,2.4336311692146366,[-0.937684  0.750002 -0.891329  0.664602 -0.466361  0.341943],[0. 0. 0.],14204,Bed,Triangle,"[[ 0.93221841 -0.35015781 -0.09142396]
 [-0.34259695 -0.93527585  0.08880554]
 [ 0.11660257  0.05146459  0.99184436]]",[0.25347395 0.16633847 0.03146101],4604.530377130539
21,../shapes/Bed/D00839.obj,16364,[ 0.03929743 -0.17861752  0.07427842],[ 0.03929743 -0.17861752  0.07427842],[1. 1. 1.],0.7963586949242953,2.2976935841565123,[-0.800648  0.864395 -0.877287  0.569772 -0.351917  0.290771],[0. 0. 0.],32648,Bed,Triangle,"[[ 0.97738133 -0.20774634 -0.03958793]
 [-0.21012691 -0.97511799 -0.0706511 ]
 [ 0.0239254  -0.07737155  0.99671521]]",[0.47163259 0.15703885 0.01431196],4099.6302669336
22,../shapes/Bicycle/D00567.obj,436,[-0.01827528  0.04528028  0.00704653],[-0.01827528  0.04528028  0.00704653],[1. 1. 1.],0.5559515149407429,2.3237416193122673,[-0.923799  0.991099 -0.503743  0.689679 -0.288646  0.266948],[0. 0. 0.],916,Bicycle,Triangle,"[[ 0.99948225 -0.03215385 -0.00116393]
 [-0.03209827 -0.99894431  0.0328627 ]
 [ 0.00221937  0.03280832  0.9994592 ]]",[0.26631357 0.08668334 0.00448216],30.420047685320093
23,../shapes/Bicycle/m1476.obj,436,[0.15897068 0.27499105 0.52022824],[0.15897068 0.27499105 0.52022824],[1. 1. 1.],0.27512917952798094,1.1314334856075279,[0.025    0.299675 0.025    0.574723 0.025    0.975   ],[0. 0. 0.],916,Bicycle,Triangle,"[[-0.99989768  0.01420754 -0.00166557]
 [ 0.01393672  0.99378499  0.1104408 ]
 [-0.00322431 -0.11040628  0.99388131]]",[0.00109771 0.02122927 0.0652218 ],30.41966556679145
24,../shapes/Bicycle/D00016.obj,2769,[ 0.04350924  0.05789344 -0.00688587],[ 0.04350924  0.05789344 -0.00688587],[1. 1. 1.],0.5865918464402348,2.2908050831201243,[-0.914299  0.959955 -0.44062   0.818183 -0.209935  0.177847],[0. 0. 0.],5049,Bicycle,Triangle,"[[ 0.99976301 -0.02067455  0.00681844]
 [-0.02064141 -0.99977496 -0.00489533]
 [-0.00691812 -0.00475342  0.99996477]]",[0.32018279 0.08086464 0.00236648],112.61893603690847
25,../shapes/Bicycle/D00621.obj,2769,[ 0.04036698  0.04386825 -0.00931268],[ 0.04036698  0.04386825 -0.00931268],[1. 1. 1.],0.5865937161979021,2.2950713974125074,[-0.914804  0.956869 -0.720661  0.549773 -0.212118  0.175426],[0. 0. 0.],5049,Bicycle,Triangle,"[[ 0.99994681  0.00646067 -0.00804009]
 [ 0.00801372  0.00409822  0.99995949]
 [-0.00649336  0.99997073 -0.00404623]]",[0.32018483 0.00236649 0.08086515],112.575913102166
26,../shapes/Bicycle/D00077.obj,16416,[-0.05994833 -0.19672588 -0.0081851 ],[-0.05994833 -0.19672588 -0.0081851 ],[1. 1. 1.],0.4824359657678135,2.3054067622504277,[-0.846692  1.04491  -0.658064  0.486785 -0.363761  0.288974],[0. 0. 0.],32265,Bicycle,Triangle,"[[ 9.78409341e-01  2.06345155e-01 -1.16978063e-02]
 [ 2.06674769e-01 -9.76603464e-01  5.94240214e-02]
 [-8.37740802e-04  6.05586590e-02  9.98164289e-01]]",[0.21861307 0.06218885 0.0043226 ],938.9098391018956
27,../shapes/Bicycle/D00558.obj,19417,[-0.0047075  -0.02081866 -0.01353511],[-0.0047075  -0.02081866 -0.01353511],[1. 1. 1.],0.5263200144249731,2.312727182757188,[-1.01428   0.938784 -0.539415  0.584583 -0.283491  0.236967],[0. 0. 0.],37661,Bicycle,Triangle,"[[ 0.99789093 -0.0645139   0.00718698]
 [-0.06446607 -0.99789741 -0.00669916]
 [-0.00760406 -0.00622171  0.99995173]]",[0.24064428 0.07029956 0.00533454],308.3762178018797
28,../shapes/Biplane/m1137.obj,408,[0.17291711 0.49907074 0.10932589],[0.17291711 0.49907074 0.10932589],[1. 1. 1.],0.1837180104196702,1.0601630007753524,[0.025    0.461983 0.025    0.975    0.025    0.199618],[0. 0. 0.],524,Biplane,Triangle,"[[ 9.99583567e-01  2.86018487e-02 -3.82454293e-03]
 [-3.82420265e-03 -6.65981746e-05 -9.99992685e-01]
 [ 2.86018942e-02 -9.99590881e-01 -4.28088246e-05]]",[0.01470252 0.00099032 0.03803275],38.90221303099475
29,../shapes/Biplane/D00666.obj,469,[-0.19157021  0.00866465  0.01801388],[-0.19157021  0.00866465  0.01801388],[1. 1. 1.],0.5254955018769639,2.742491151106599,[-1.22452   0.693364 -0.946743  0.962328 -0.266142  0.179309],[0. 0. 0.],794,Biplane,Triangle,"[[ 0.99960129  0.02397315  0.01491791]
 [ 0.01537075 -0.01881727 -0.99970478]
 [ 0.02368536 -0.99953549  0.01917825]]",[0.24150037 0.01002666 0.08697635],56.98402571349924
30,../shapes/Biplane/D00069.obj,3242,[-0.07985911 -0.0969623   0.01932961],[-0.07985911 -0.0969623   0.01932961],[1. 1. 1.],0.42178670534665536,2.2438054165675774,[-1.06342   0.905137 -0.446842  0.553446 -0.198847  0.199738],[0. 0. 0.],6326,Biplane,Triangle,"[[ 0.99994821 -0.01009863  0.00126393]
 [-0.00101789  0.0243319   0.99970342]
 [ 0.01012639  0.99965293 -0.02432036]]",[0.11319739 0.01443571 0.08909413],541.957779565099
31,../shapes/Biplane/m1129.obj,3351,[0.50005229 0.18035779 0.49876402],[0.50005229 0.18035779 0.49876402],[1. 1. 1.],0.20545176391573153,1.2086587970411666,[0.025    0.975    0.025    0.346551 0.025    0.699508],[0. 0. 0.],6272,Biplane,Triangle,"[[-0.00617488  0.9999211  -0.01093921]
 [ 0.99567772  0.00513417 -0.09273362]
 [ 0.09267014  0.01146455  0.99563086]]",[0.00426949 0.02613779 0.02873482],130.20038091549125
32,../shapes/Biplane/D00490.obj,24998,[ 0.0790611  -0.06882874  0.00600877],[ 0.0790611  -0.06882874  0.00600877],[1. 1. 1.],0.4466859109089744,2.275927606042644,[-0.858495  0.970724 -0.555024  0.710541 -0.26707   0.214749],[0. 0. 0.],46318,Biplane,Triangle,"[[ 0.38438299  0.92311905 -0.01004698]
 [ 0.92280847 -0.38390205  0.03230692]
 [-0.02596607  0.02168967  0.9994275 ]]",[0.14301776 0.08599932 0.0108647 ],46986.85175542134
33,../shapes/Biplane/D00515.obj,5381,[-0.20922634  0.04745086 -0.01055964],[-0.20922634  0.04745086 -0.01055964],[1. 1. 1.],0.5208899448934393,2.4266679075178375,[-0.890078  0.687934 -0.889517  0.863811 -0.31532   0.254273],[0. 0. 0.],10522,Biplane,Triangle,"[[ 0.8828266   0.46918885  0.02188652]
 [ 0.46918969 -0.8830808   0.00541559]
 [-0.02186849 -0.0054879   0.99974579]]",[0.20713031 0.1070639  0.02477182],7165.308505464839
34,../shapes/Bird/D00323.obj,260,[ 0.21601087  0.04108317 -0.00255793],[ 0.21601087  0.04108317 -0.00255793],[1. 1. 1.],0.4048226120092027,2.0487283186918663,[-0.777682  1.19869  -0.188336  0.343315 -0.049014  0.043661],[0. 0. 0.],364,Bird,Triangle,"[[ 0.99915184 -0.03824538  0.01526062]
 [-0.03841311 -0.999203    0.01085358]
 [-0.01483336  0.01143058  0.99982464]]",[0.25049886 0.02064265 0.00048966],24.884511674860143
35,../shapes/Bird/m48.obj,427,[0.25700833 0.23323621 0.59405963],[0.25700833 0.23323621 0.59405963],[1. 1. 1.],0.27948906711009247,1.141373438132323,[0.025    0.488025 0.025    0.456093 0.025    0.975   ],[0. 0. 0.],824,Bird,Triangle,"[[ 0.01654237 -0.98359243 -0.17964487]
 [-0.31964243  0.16503872 -0.93305463]
 [-0.94739383 -0.07285706  0.31166774]]",[0.07255271 0.00892443 0.00884604],11.840609671984407
36,../shapes/Bird/D00762.obj,950,[-0.2212756   0.13272609 -0.1092906 ],[-0.2212756   0.13272609 -0.1092906 ],[1. 1. 1.],0.4044313115697608,2.4801244354477454,[-1.0453    0.749594 -0.723664  0.858881 -0.387123  0.264739],[0. 0. 0.],1896,Bird,Triangle,"[[-0.07431567  0.99041142 -0.11645774]
 [ 0.22764026  0.13054544  0.96495482]
 [-0.9709053  -0.04520079  0.23515908]]",[0.02770784 0.08365604 0.09098707],72.24205190621457
37,../shapes/Bird/D00438.obj,1824,[-0.20280798  0.00554282 -0.02528409],[-0.20280798  0.00554282 -0.02528409],[1. 1. 1.],0.40992757413230624,2.1913371010565674,[-1.18694   0.786275 -0.545674  0.371307 -0.194944  0.064915],[0. 0. 0.],3709,Bird,Triangle,"[[ 0.99989955 -0.01393343 -0.00259926]
 [-0.0136196  -0.99528774  0.09600426]
 [ 0.00392468  0.09595922  0.99537753]]",[0.18864996 0.02683594 0.00394234],42.398923043516874
38,../shapes/Bird/D00271.obj,12813,[-0.24979787 -0.03357241 -0.04463066],[-0.24979787 -0.03357241 -0.04463066],[1. 1. 1.],0.47609283643285294,2.3507277415406915,[-1.17434   0.735516 -0.67701   0.633247 -0.192772  0.20922 ],[0. 0. 0.],24753,Bird,Triangle,"[[-0.99795938  0.0552467  -0.03201379]
 [ 0.05396276  0.99775461  0.0396707 ]
 [-0.03413358 -0.03786219  0.99869983]]",[0.09655686 0.15221999 0.01063064],553.2876811836671
39,../shapes/Bird/m45.obj,16542,[0.50115189 0.17301338 0.16976552],[0.50115189 0.17301338 0.16976552],[1. 1. 1.],0.15237030586566747,1.0889590535594071,[0.025    0.975    0.025    0.290348 0.025    0.486435],[0. 0. 0.],33072,Bird,Triangle,"[[-9.99998974e-01 -1.40618423e-03 -2.73444560e-04]
 [-9.77357651e-04  5.30160955e-01  8.47896460e-01]
 [ 1.04732900e-03 -8.47895857e-01  5.30161786e-01]]",[0.01117531 0.01413875 0.00340641],1223.2839741934679
40,../shapes/Bookset/D01110.obj,166,[0.15385077 0.17513053 0.12971324],[0.15385077 0.17513053 0.12971324],[1. 1. 1.],0.20146733648280865,0.5261186387878688,[0.       0.268736 0.       0.28956  0.       0.347472],[0. 0. 0.],936,Bookset,Triangle,"[[-0.98284514  0.18305709  0.02248412]
 [ 0.04688049  0.13005807  0.99039745]
 [-0.17837504 -0.97446139  0.13640875]]",[0.00622726 0.01892663 0.01697135],10.6876485177164
41,../shapes/Bookset/D01184.obj,247,[0.03075646 0.11800458 0.14215066],[0.03075646 0.11800458 0.14215066],[1. 1. 1.],0.1781342290420607,0.4431569773951438,[-0.        0.191003  0.        0.230709  0.        0.326618],[0. 0. 0.],1557,Bookset,Triangle,"[[-0.88156937 -0.47187308  0.01308587]
 [-0.47201927  0.88150346 -0.01222573]
 [ 0.00576625  0.01695461  0.99983963]]",[0.00390401 0.00454959 0.02415837],202.6099109516026
42,../shapes/Bookset/D01135.obj,1645,[4.80657466 2.79129693 2.52166576],[4.80657466 2.79129693 2.52166576],[1. 1. 1.],3.984153460900844,12.52564055762854,"[-3.2108300e-01  1.0181497e+01 -2.1540400e-01  4.3812660e+00
 -9.3470000e-03  5.0362560e+00]",[0. 0. 0.],10185,Bookset,Triangle,"[[-0.17582817 -0.98412026  0.02432614]
 [-0.98441857  0.17572058 -0.00650847]
 [-0.00213051  0.02509148  0.99968289]]",[1.54731643 9.14428865 6.2321356 ],765.3443910796726
43,../shapes/Bottle/D00959.obj,479,[-0.13019035 -0.05132098 -0.00329868],[-0.13019035 -0.05132098 -0.00329868],[1. 1. 1.],0.5508962716858955,1.5997218356308074,[-0.808843  0.69574  -0.275198  0.10899  -0.198302  0.186067],[0. 0. 0.],892,Bottle,Triangle,"[[ 0.99920402 -0.03139806  0.0246066 ]
 [-0.03974469 -0.83642258  0.54664214]
 [-0.00341802  0.54718501  0.83700471]]",[0.36646532 0.00699939 0.00699921],66.42028961817745
44,../shapes/Bottle/m482.obj,542,[0.15747132 0.71987585 0.16008398],[0.15747132 0.71987585 0.16008398],[1. 1. 1.],0.2832619462684905,1.0219358833204752,[0.025    0.289643 0.025    0.975    0.025    0.292987],[0. 0. 0.],950,Bottle,Triangle,"[[-9.87235853e-04 -9.63192928e-01 -2.68809244e-01]
 [-9.99848091e-01 -3.72700163e-03  1.70266001e-02]
 [ 1.74017533e-02 -2.68785218e-01  9.63042930e-01]]",[0.09653924 0.00446333 0.00460643],73.26235157510577
45,../shapes/Bottle/D00892.obj,2474,[0.09611912 0.048574   0.00052678],[0.09611912 0.048574   0.00052678],[1. 1. 1.],0.5954689388972711,1.798495018269442,[-0.674448  1.01623  -0.151915  0.287525 -0.214476  0.213408],[0. 0. 0.],4940,Bottle,Triangle,"[[ 0.99922614  0.03682511 -0.01382149]
 [-0.03929802  0.91974371 -0.39054728]
 [ 0.00166972 -0.3907882  -0.92047911]]",[0.37419562 0.01249639 0.01251947],31.041549678814892
46,../shapes/Bottle/D00123.obj,1067,[-0.13508106 -0.04773411 -0.00466116],[-0.13508106 -0.04773411 -0.00466116],[1. 1. 1.],0.572561609597836,1.656962756952612,[-0.785998  0.781472 -0.272641  0.122641 -0.188644  0.175108],[0. 0. 0.],2044,Bottle,Triangle,"[[ 0.99882497 -0.04643218 -0.01388247]
 [-0.04837648 -0.93814112 -0.34285705]
 [-0.00289588 -0.34312577  0.93928501]]",[0.38479325 0.00716561 0.00715668],55.313490816765
47,../shapes/Bottle/D00176.obj,7138,[ 0.22599145  0.03200161 -0.00211313],[ 0.22599145  0.03200161 -0.00211313],[1. 1. 1.],0.5892034119502972,1.8696512904186169,[-0.718902  0.987358 -0.22924   0.32021  -0.268809  0.262583],[0. 0. 0.],14272,Bottle,Triangle,"[[-0.99944706  0.02436369  0.02262702]
 [ 0.03253088  0.57571521  0.8170029 ]
 [-0.00687848 -0.81728722  0.57618945]]",[0.3541557  0.01930481 0.019137  ],335.2005595865646
48,../shapes/Bottle/D00166.obj,23142,[-0.05179074  0.04629546 -0.00453574],[-0.05179074  0.04629546 -0.00453574],[1. 1. 1.],0.575420052661992,2.003611065331293,[-0.815243  0.919484 -0.387408  0.446434 -0.272684  0.283991],[0. 0. 0.],45936,Bottle,Triangle,"[[ 0.99895829 -0.04361967  0.0134037 ]
 [-0.04296686 -0.99803335 -0.04564308]
 [-0.01536828 -0.04501962  0.99886788]]",[0.32485102 0.03827308 0.02331162],24.242680634762934
49,../shapes/BuildingNonResidential/m479.obj,648,[0.49999999 0.16632745 0.2722304 ],[0.49999999 0.16632745 0.2722304 ],[1. 1. 1.],0.2766426694242921,1.105306884998008,[0.025    0.975    0.025    0.298318 0.025    0.51947 ],[0. 0. 0.],1056,BuildingNonResidential,Triangle,"[[-9.99999969e-01  2.50794975e-04 -5.41693320e-09]
 [ 7.74336503e-09  9.27622888e-06 -1.00000000e+00]
 [ 2.50794975e-04  9.99999969e-01  9.27623053e-06]]",[0.06728086 0.01298315 0.00548474],33.59591414637606
50,../shapes/BuildingNonResidential/m475.obj,112,[0.5725868  0.15612943 0.57254891],[0.5725868  0.15612943 0.57254891],[1. 1. 1.],0.21412861371748632,1.4358660971305786,[0.025    0.975    0.025    0.531667 0.025    0.975   ],[0. 0. 0.],178,BuildingNonResidential,Triangle,"[[ 0.48162289  0.70857676  0.51571151]
 [ 0.7317184  -0.00127062 -0.68160588]
 [ 0.48231481 -0.7056326   0.51909061]]",[0.01025957 0.03179455 0.02212738],15.645789758849823
51,../shapes/BuildingNonResidential/m414.obj,1056,[0.5        0.39275652 0.5       ],[0.5        0.39275652 0.5       ],[1. 1. 1.],0.5277538770078772,1.5145123971182937,[0.025    0.975    0.025    0.724105 0.025    0.975   ],[0. 0. 0.],1944,BuildingNonResidential,Triangle,"[[ 1.00000000e+00 -1.40707583e-08  3.52391197e-17]
 [ 0.00000000e+00 -4.32415734e-16 -1.00000000e+00]
 [ 0.00000000e+00 -1.00000000e+00 -1.48479068e-16]]",[0.10218866 0.10218866 0.0782983 ],27.137219775223496
52,../shapes/BuildingNonResidential/m408.obj,1252,[0.33501993 0.30568485 0.51355095],[0.33501993 0.30568485 0.51355095],[1. 1. 1.],0.3201209985594279,1.2685492026598733,[0.025    0.644812 0.025    0.592935 0.025    0.975   ],[0. 0. 0.],2372,BuildingNonResidential,Triangle,"[[-9.99999999e-01 -4.84447917e-05 -1.08367361e-05]
 [-4.50110602e-05  9.76911436e-01 -2.13644666e-01]
 [-2.09365028e-05  2.13644665e-01  9.76911437e-01]]",[0.03212982 0.005982   0.08115854],79.12884834281249
53,../shapes/BuildingNonResidential/m420.obj,7226,[0.34483496 0.16867019 0.59326938],[0.34483496 0.16867019 0.59326938],[1. 1. 1.],0.3795375827783586,1.2061845285316006,[0.025    0.66475  0.025    0.403287 0.025    0.975   ],[0. 0. 0.],12960,BuildingNonResidential,Triangle,"[[-6.19323454e-05 -9.99998743e-01  1.58439687e-03]
 [-9.99994651e-01  5.67506228e-05 -3.27030602e-03]
 [-3.27021199e-03  1.58459093e-03  9.99993397e-01]]",[0.00840604 0.07136423 0.07368845],822.2245426683489
54,../shapes/BuildingNonResidential/m421.obj,6853,[0.30398664 0.15152801 0.5003512 ],[0.30398664 0.15152801 0.5003512 ],[1. 1. 1.],0.3689873861288036,1.1449650274873027,[0.025    0.587413 0.025    0.32854  0.025    0.975   ],[0. 0. 0.],11000,BuildingNonResidential,Triangle,"[[-9.99956978e-01  9.27484251e-03  1.38918578e-04]
 [ 9.27484741e-03  9.99956987e-01  3.46315434e-05]
 [ 1.38591401e-04 -3.59185021e-05  9.99999990e-01]]",[0.03518405 0.0051649  0.10215315],712.1917474417382
55,../shapes/Bus/D00832.obj,3155,[2.03409387 4.25924661 1.07837534],[2.03409387 4.25924661 1.07837534],[1. 1. 1.],2.3083654799866595,7.683233739790363,[0.374132 3.522974 0.490072 6.95378  0.       2.708755],[0. 0. 0.],18774,Bus,Triangle,"[[ 0.22084114  0.97094378 -0.0921812 ]
 [ 0.96937286 -0.20810155  0.13042243]
 [-0.10744979  0.11816059  0.98716393]]",[4.65331183 0.6819958  0.5044965 ],3537.842298434459
56,../shapes/Bus/D00448.obj,7367,[5.95728847 3.2307723  0.49682247],[5.95728847 3.2307723  0.49682247],[1. 1. 1.],2.144278409931877,7.122834460603729,[ 2.53263   8.8068    2.13731   4.29352  -0.465848  2.12651 ],[0. 0. 0.],42369,Bus,Triangle,"[[ 0.99989705 -0.01408671 -0.00272936]
 [-0.00202711  0.04962799 -0.99876572]
 [-0.01420478 -0.99866843 -0.04959432]]",[4.31317455 0.34495139 0.56560948],1026.3945915314525
57,../shapes/Bus/D00754.obj,8866,[1.39147984 8.3029707  1.1034974 ],[1.39147984 8.3029707  1.1034974 ],[1. 1. 1.],4.343057242696744,15.008140024806536,[ 0.       2.80429  0.      14.1246   0.       4.22799],[0. 0. 0.],59982,Bus,Triangle,"[[ 0.00450925 -0.9993444   0.03592262]
 [-0.9995006  -0.00338058  0.03141856]
 [ 0.03127652  0.03604635  0.99886057]]",[20.87200594  0.84900533  0.75181808],748.2983292702385
58,../shapes/Car/m1561.obj,332,[0.27466026 0.21188131 0.43686905],[0.27466026 0.21188131 0.43686905],[1. 1. 1.],0.3381344509907418,1.173667146835507,[0.025    0.523565 0.025    0.500844 0.025    0.975   ],[0. 0. 0.],558,Car,Triangle,"[[ 9.99999963e-01 -1.87220265e-04  1.98886528e-04]
 [ 1.77289739e-04 -1.09022811e-01 -9.94039232e-01]
 [-2.07787457e-04 -9.94039230e-01  1.09022774e-01]]",[0.03074745 0.07936502 0.01336303],20.93447953325022
59,../shapes/Car/m1532.obj,132,[0.24143555 0.1253173  0.49379261],[0.24143555 0.1253173  0.49379261],[1. 1. 1.],0.35456453261161686,1.1059101077162647,[0.025    0.452245 0.025    0.396482 0.025    0.975   ],[0. 0. 0.],134,Car,Triangle,"[[-9.99997807e-01 -2.00066001e-03 -6.18664477e-04]
 [ 5.84576920e-04  1.69940881e-02 -9.99855419e-01]
 [-2.01088439e-03  9.99853588e-01  1.69928813e-02]]",[0.02960603 0.09451594 0.00736137],9.932248276936718
60,../shapes/Car/m1531.obj,2170,[0.51500126 0.13494936 0.20140343],[0.51500126 0.13494936 0.20140343],[1. 1. 1.],0.3364137589961948,1.056413958882123,[0.025    0.975    0.025    0.323536 0.025    0.377685],[0. 0. 0.],4060,Car,Triangle,"[[-9.99778661e-01  2.10387099e-02  4.02058336e-05]
 [ 2.10387358e-02  9.99778325e-01  8.20592315e-04]
 [ 2.29327173e-05 -8.21256566e-04  9.99999663e-01]]",[0.09388814 0.00553706 0.02020719],44.3997130936325
61,../shapes/Car/m1553.obj,1239,[0.52131383 0.15013631 0.24851841],[0.52131383 0.15013631 0.24851841],[1. 1. 1.],0.3369050276022403,1.0860359389159273,[0.025    0.975    0.025    0.301501 0.025    0.472796],[0. 0. 0.],1915,Car,Triangle,"[[ 9.99246905e-01  3.87890472e-02  1.01585622e-03]
 [ 3.87900745e-02 -9.99246870e-01 -1.01184955e-03]
 [-9.75842468e-04 -1.05049267e-03  9.99998972e-01]]",[0.08556568 0.00471679 0.03020827],130.64380153414055
62,../shapes/Car/m1486.obj,5911,[0.2335081  0.18476972 0.51359769],[0.2335081  0.18476972 0.51359769],[1. 1. 1.],0.3486650101182099,1.1022777813328182,[0.025    0.442566 0.025    0.396692 0.025    0.975   ],[0. 0. 0.],11230,Car,Triangle,"[[ 0.00263865 -0.99998734  0.00428382]
 [-0.08193998  0.00405322  0.99662902]
 [ 0.99663377  0.00298077  0.08192824]]",[0.09851129 0.02134762 0.00985481],322.9769013721333
63,../shapes/Car/m1542.obj,4384,[0.25613197 0.1609664  0.46801392],[0.25613197 0.1609664  0.46801392],[1. 1. 1.],0.28774372635938167,1.099021519742903,[0.025    0.475133 0.025    0.345513 0.025    0.975   ],[0. 0. 0.],7414,Car,Triangle,"[[ 0.99973805  0.02088619  0.00935974]
 [ 0.02143639 -0.99777367 -0.06315209]
 [-0.0080199  -0.06333618  0.99796002]]",[0.02484051 0.00520276 0.06504914],3946.1418425775896
64,../shapes/Cellphone/D00440.obj,763,[0.03246737 0.03412986 0.00086392],[0.03246737 0.03412986 0.00086392],[1. 1. 1.],0.4691478612467603,1.6135594250631116,[-0.544542  0.993595 -0.168497  0.257078 -0.113165  0.124731],[0. 0. 0.],1422,Cellphone,Triangle,"[[ 0.99905255  0.03275894  0.02865069]
 [ 0.03144821 -0.99848912  0.0450609 ]
 [-0.03008355  0.0441172   0.99857331]]",[0.21945339 0.01939594 0.00383305],316.00314985064784
65,../shapes/Cellphone/D00559.obj,3120,[-0.16592699  0.02354493  0.00776945],[-0.16592699  0.02354493  0.00776945],[1. 1. 1.],0.5038840186723208,1.8527826668279255,[-0.913337  0.814794 -0.244785  0.340604 -0.222912  0.099092],[0. 0. 0.],5956,Cellphone,Triangle,"[[ 0.99981357  0.01568201 -0.01126493]
 [ 0.01356248 -0.98563003 -0.1683731 ]
 [ 0.01374348 -0.16818893  0.98565897]]",[0.29099904 0.02420635 0.00518073],336.57528623116474
66,../shapes/Cellphone/D00312.obj,1012,[-0.02083736 -0.05528979 -0.00191534],[-0.02083736 -0.05528979 -0.00191534],[1. 1. 1.],0.17147232194222675,1.1259336247172833,[-0.161981  0.342809 -0.93762   0.068043 -0.011327  0.028113],[0. 0. 0.],644,Cellphone,Triangle,"[[ 0.44103462 -0.89747393 -0.00538652]
 [-0.8972415  -0.44104577  0.02088833]
 [ 0.02112244  0.00437947  0.9997673 ]]",[6.09336258e-02 1.00490626e-02 9.44282560e-05],25610.769697608353
67,../shapes/Cellphone/D00817.obj,5206,[-0.07458536 -0.07960024 -0.05139262],[-0.07458536 -0.07960024 -0.05139262],[1. 1. 1.],0.7084380669073175,2.1681772001294086,[-1.0599    0.813321 -0.592678  0.446986 -0.150876  0.182492],[0. 0. 0.],9766,Cellphone,Triangle,"[[ 0.99431122 -0.1014346   0.03249941]
 [-0.10274434 -0.99383997  0.04154183]
 [-0.02808544  0.04464463  0.99860806]]",[0.46328735 0.09665317 0.00474216],636.4823035141465
68,../shapes/Cellphone/D00079.obj,20212,[-0.09670313 -0.01713708  0.0207439 ],[-0.09670313 -0.01713708  0.0207439 ],[1. 1. 1.],0.5440122937685388,2.15052951266101,[-0.936548  1.0206   -0.405795  0.370964 -0.334059  0.10297 ],[0. 0. 0.],36972,Cellphone,Triangle,"[[ 0.99994731 -0.00952003 -0.00383958]
 [-0.00380947  0.00317895 -0.99998769]
 [-0.00953212 -0.99994963 -0.00314252]]",[0.31759127 0.00365416 0.04432104],399.84727388541995
69,../shapes/Chess/D01049.obj,214,[0.2203477  0.52352869 0.1910395 ],[0.2203477  0.52352869 0.1910395 ],[1. 1. 1.],0.30360019430884455,1.0978455886334835,[0.025    0.414079 0.025    0.975    0.025    0.414079],[0. 0. 0.],419,Chess,Triangle,"[[ 0.00234239  0.99995215 -0.009498  ]
 [ 0.99884504 -0.00188377  0.0480107 ]
 [-0.04799051  0.00959949  0.99880166]]",[0.09113694 0.00518561 0.01006375],49.66950331991388
70,../shapes/Chess/D01017.obj,380,[ 0.02859115 -0.00088931 -0.0013598 ],[ 0.02859115 -0.00088931 -0.0013598 ],[1. 1. 1.],0.18793086720516028,0.596211855236878,[-0.192571  0.251959 -0.139346  0.139498 -0.141458  0.141575],[0. 0. 0.],756,Chess,Triangle,"[[ 0.99994224  0.01062637  0.00160877]
 [ 0.00825114 -0.66311962 -0.74846796]
 [ 0.00688669 -0.74843801  0.663169  ]]",[0.02704006 0.00555462 0.00534007],116.80214640767399
71,../shapes/Chess/D01112.obj,1182,[0.23414381 0.45156784 0.23414368],[0.23414381 0.45156784 0.23414368],[1. 1. 1.],0.2854811903502425,1.1191193094295173,[0.025    0.443287 0.025    0.975    0.025    0.443287],[0. 0. 0.],2360,Chess,Triangle,"[[-5.18335365e-08 -1.00000000e+00 -1.82078480e-05]
 [-1.00000000e+00  5.18344178e-08 -4.83895275e-08]
 [-4.83904713e-08 -1.82078472e-05  1.00000000e+00]]",[0.08821746 0.00654713 0.00654713],32.944101125254825
72,../shapes/Chess/D01021.obj,1474,[0.47358813 0.26852723 0.26852722],[0.47358813 0.26852723 0.26852722],[1. 1. 1.],0.317615653204923,1.1734330598930645,[0.025    0.975    0.025    0.512055 0.025    0.512055],[0. 0. 0.],2944,Chess,Triangle,"[[-1.00000000e+00 -3.80228327e-09 -9.03174513e-10]
 [-3.86880114e-09  9.30467552e-01  3.66374310e-01]
 [ 5.52684331e-10 -3.66374310e-01  9.30467552e-01]]",[0.09553708 0.01217025 0.01217025],139.9227367441398
73,../shapes/Chess/m1601.obj,6727,[0.29084732 0.4576093  0.29144984],[0.29084732 0.4576093  0.29144984],[1. 1. 1.],0.3099026649020306,1.2104930664716753,[0.025    0.556126 0.025    0.975    0.025    0.55481 ],[0. 0. 0.],13450,Chess,Triangle,"[[-7.76795165e-01 -6.29753337e-01 -8.43986966e-05]
 [ 8.15206230e-04 -8.71531104e-04 -9.99999288e-01]
 [-6.29752815e-01  7.76794680e-01 -1.19037999e-03]]",[0.01291377 0.01288563 0.08728072],4109.575879212839
74,../shapes/Chess/m1610.obj,6094,[0.33806466 0.28016703 0.33552802],[0.33806466 0.28016703 0.33552802],[1. 1. 1.],0.3281998063482592,1.2937266503419491,[0.025    0.646138 0.025    0.975    0.025    0.645819],[0. 0. 0.],12184,Chess,Triangle,"[[ 1.90493373e-03  9.97794981e-01 -6.63441622e-02]
 [ 9.99998180e-01 -1.90773606e-03  2.11141349e-05]
 [ 1.05499573e-04  6.63440817e-02  9.97796799e-01]]",[0.06613086 0.02727833 0.02705981],67891.3798179326
75,../shapes/City/D01039.obj,1344,[0.48686685 0.05298474 0.47970548],[0.48686685 0.05298474 0.47970548],[1. 1. 1.],0.25930602497435684,1.2534321178325734,[0.025     0.840902  0.025     0.0788145 0.025     0.975    ],[0. 0. 0.],2022,City,Triangle,"[[ 0.33112098  0.94358478 -0.0025808 ]
 [ 0.01623915 -0.00843326 -0.99983257]
 [ 0.94344856 -0.33102363  0.01811545]]",[0.04919969 0.03084213 0.00011806],723.6465897406073
76,../shapes/City/D01090.obj,7089,[0.42270045 0.0720504  0.51622922],[0.42270045 0.0720504  0.51622922],[1. 1. 1.],0.2678178513665976,1.2303186008791585,[0.025     0.801993  0.0454205 0.131825  0.025     0.975    ],[0. 0. 0.],13409,City,Triangle,"[[ 0.46677048  0.88414088  0.02049911]
 [ 0.00678818  0.01959663 -0.99978492]
 [ 0.88435244 -0.46680924 -0.00314543]]",[0.04999473 0.0336783  0.00025398],4591.29093116695
77,../shapes/ClassicPiano/D00120.obj,231,[0.45681763 0.09040461 0.85973176],[0.45681763 0.09040461 0.85973176],[1. 1. 1.],0.6758502049001639,2.6874229807873564,"[-5.457320e-01  1.164776e+00 -4.802040e-01  8.421960e-01  4.970000e-04
  1.596637e+00]",[0. 0. 0.],1311,ClassicPiano,Triangle,"[[-0.86048911 -0.42807058 -0.27625001]
 [-0.49913576  0.81699712  0.28875458]
 [-0.10208813 -0.38635643  0.91668246]]",[0.31432938 0.15918979 0.07937453],211.2239391295661
78,../shapes/ClassicPiano/D00983.obj,204,[ 0.25285025 -0.38638706  0.60838804],[ 0.25285025 -0.38638706  0.60838804],[1. 1. 1.],0.8905600538485235,2.918062281853833,[-0.892376  1.245164 -1.324473  0.403054  0.        0.980643],[0. 0. 0.],954,ClassicPiano,Triangle,"[[ 0.98714061 -0.12418465  0.10065583]
 [-0.08998591  0.08873887  0.99198183]
 [ 0.132121    0.98828315 -0.07642287]]",[0.42944458 0.10402624 0.290507  ],317.02937720491695
79,../shapes/ClassicPiano/D00034.obj,1611,[10.48180119  3.405934    1.99464   ],[10.48180119  3.405934    1.99464   ],[1. 1. 1.],3.5897417972182097,17.15590331759727,[ 0.435222 12.7      -0.1524   11.05535   0.        4.276281],[0. 0. 0.],10902,ClassicPiano,Triangle,"[[ 0.1563762  -0.98720976 -0.03103839]
 [-0.98488865 -0.15822278  0.07042656]
 [ 0.07443677 -0.01955632  0.99703396]]",[10.43277392  4.20274905  1.44991002],11922.61732466949
80,../shapes/ClassicPiano/D00305.obj,1711,[0.89916697 0.47464736 6.21082713],[0.89916697 0.47464736 6.21082713],[1. 1. 1.],1.2377568006190245,3.9241867775857715,[-0.074943  1.820722 -0.734221  2.549052  5.566783  6.579608],[0. 0. 0.],10353,ClassicPiano,Triangle,"[[ 0.12712739 -0.97356693 -0.18975264]
 [-0.98026815 -0.09412311 -0.17382519]
 [-0.15137035 -0.20810641  0.96632227]]",[1.38092512 0.29810891 0.09181084],4634.663989113798
81,../shapes/ClassicPiano/D00279.obj,7253,[-0.60970112  0.04624217  0.68763854],[-0.60970112  0.04624217  0.68763854],[1. 1. 1.],0.3565160821696894,2.6275085351469367,[-1.30628   0.740793 -0.467149  0.514366  0.107214  1.43006 ],[0. 0. 0.],43107,ClassicPiano,Triangle,"[[ 0.98788709 -0.15510951 -0.0044871 ]
 [-0.15516072 -0.98777083 -0.01529497]
 [ 0.00205983 -0.01580592  0.99987296]]",[0.14171601 0.03136326 0.01323173],394.31662066125256
82,../shapes/ClassicPiano/D00233.obj,5205,[-13.7767111    0.9464549    5.65790817],[-13.7767111    0.9464549    5.65790817],[1. 1. 1.],9.482138735753628,35.39690574246739,[-33.448386  -6.348401  -8.289069   9.167111   0.346075  14.968439],[0. 0. 0.],27690,ClassicPiano,Triangle,"[[ 9.71625773e-01  2.36522095e-01 -8.10152895e-04]
 [ 2.11833664e-01 -8.71719884e-01 -4.41849456e-01]
 [ 1.05213385e-01 -4.29140702e-01  8.97088848e-01]]",[77.6032905  23.05133116 12.31551885],73062.12414980303
83,../shapes/Computer/m1777.obj,325,[0.41046161 0.16957191 0.61971389],[0.41046161 0.16957191 0.61971389],[1. 1. 1.],0.3894477841732083,1.4807823983664852,[0.025    0.910416 0.025    0.736516 0.025    0.975   ],[0. 0. 0.],618,Computer,Triangle,"[[ 0.80784041 -0.57961705 -0.10694836]
 [-0.31919026 -0.58276502  0.74733026]
 [ 0.49549112  0.56958671  0.65578925]]",[0.09958792 0.05462912 0.01903334],86.86939942285423
84,../shapes/Computer/m1764.obj,668,[0.51273532 0.17336504 0.53205761],[0.51273532 0.17336504 0.53205761],[1. 1. 1.],0.3399821435967101,1.4799676348599655,[0.025    0.975    0.025    0.750843 0.025    0.897328],[0. 0. 0.],1092,Computer,Triangle,"[[ 0.99960325 -0.01755253  0.02202831]
 [-0.01119473 -0.96524033 -0.26112408]
 [-0.025846   -0.26077388  0.96505387]]",[0.09384    0.00740453 0.0369902 ],185.65017765313553
85,../shapes/Computer/D01028.obj,2503,[0.3534595  0.14456126 0.48842081],[0.3534595  0.14456126 0.48842081],[1. 1. 1.],0.307325220686763,1.2634300414447173,[0.025    0.975    0.025    0.477648 0.025    0.724189],[0. 0. 0.],4217,Computer,Triangle,"[[-0.91272694  0.29991804  0.27745036]
 [ 0.24461602 -0.14277661  0.95905049]
 [-0.32724997 -0.94322002 -0.0569513 ]]",[0.07592138 0.02450521 0.0086242 ],277.6603140716111
86,../shapes/Computer/m1773.obj,2503,[0.3534595  0.14456125 0.48842081],[0.3534595  0.14456125 0.48842081],[1. 1. 1.],0.3073252199073743,1.2634300414447173,[0.025    0.975    0.025    0.477648 0.025    0.724189],[0. 0. 0.],4217,Computer,Triangle,"[[-0.91272693  0.29991804  0.27745038]
 [ 0.24461604 -0.14277658  0.95905049]
 [-0.32724996 -0.94322003 -0.05695127]]",[0.07592138 0.0245052  0.0086242 ],277.66031503999835
87,../shapes/Computer/D01073.obj,4638,[2.9707158  5.06179802 5.90753916],[2.9707158  5.06179802 5.90753916],[1. 1. 1.],12.33498852608817,50.83242738126929,[-15.3327    18.1278    -2.69876   27.1292    -0.605204  23.3661  ],[0. 0. 0.],8997,Computer,Triangle,"[[ 0.8065798  -0.58303363  0.0974721 ]
 [-0.5688377  -0.72069311  0.39626395]
 [ 0.16078774  0.3750643   0.91294801]]",[125.05184866  15.98855321  27.9296579 ],1145.4635925755651
88,../shapes/ComputerKeyboard/D00127.obj,706,[0.05224481 0.21947999 0.02874231],[0.05224481 0.21947999 0.02874231],[1. 1. 1.],0.12080527728148377,0.45426896225584246,[0.       0.1143   0.       0.43815  0.       0.036337],[0. 0. 0.],3360,ComputerKeyboard,Triangle,"[[ 8.16109974e-03  9.93718236e-01  1.11613012e-01]
 [ 9.99966234e-01 -8.21756594e-03  4.58813923e-05]
 [-9.62780460e-04 -1.11608868e-01  9.93751746e-01]]",[1.73265301e-02 1.11215630e-03 1.05919548e-05],61.26215747922243
89,../shapes/ComputerKeyboard/D00569.obj,348,[ 1.24052797 -0.59584901  0.79233037],[ 1.24052797 -0.59584901  0.79233037],[1. 1. 1.],0.09901065989595788,0.3969613245695354,[ 1.171264  1.317314 -0.787848 -0.419548  0.77699   0.801542],[0. 0. 0.],2076,ComputerKeyboard,Triangle,"[[ 9.96547922e-01  8.26886180e-02 -7.40484618e-03]
 [-7.44581524e-03  1.87098547e-04 -9.99972262e-01]
 [ 8.26849389e-02 -9.96575415e-01 -8.02136840e-04]]",[1.50134834e-03 1.32707952e-05 1.06422813e-02],92.12093410420582
90,../shapes/ComputerKeyboard/D00525.obj,8309,[23.26779848  8.18998382  1.27040376],[23.26779848  8.18998382  1.27040376],[1. 1. 1.],12.038497516071716,48.06277635715221,"[ 0.0000000e+00  4.6000000e+01 -1.4278000e-02  1.3824192e+01
