,New Path,Orig Path,Vertices,CenterOfMass,Means,Scaling,AverageSize,DiagonalSize,Bounds,Position,Cells,Class,Type,Eigenvalue,Eigenvectors,Prev Eigenvalue,Prev Eigenvectors
0,../normshapes\AircraftBuoyant\m1337.obj,../shapes\AircraftBuoyant\m1337.obj,201,[ 0.10249447 -0.00046002 -0.06119583],[-8.24086806e-04  5.58607802e-05  4.27048648e-04],[1. 1. 1.],0.44034663,1.5619263629710014,[-0.38464502  0.5957518  -0.43196887  0.4325058  -0.43175957  0.4232957 ],[0. 0. 0.],340,AircraftBuoyant,Triangle,[0.10504596 0.04645206 0.04645249],"[[ 8.60052808e-01 -4.38992551e-01 -2.59989824e-01]
 [ 2.50205048e-04  5.09941952e-01 -8.60208779e-01]
 [-5.10204964e-01 -7.39759924e-01 -4.38686846e-01]]",[0.10504596 0.04645249 0.04645206],"[[ 1.37933137e-03 -8.60535996e-01  5.09387767e-01]
 [-9.99998671e-01 -1.62949098e-03 -4.49679127e-05]
 [-8.68739279e-04  5.09387028e-01  8.60537100e-01]]"
1,../normshapes\AircraftBuoyant\m1338.obj,../shapes\AircraftBuoyant\m1338.obj,8761,[ 0.08340033 -0.0004964  -0.00182186],[-8.90798305e-04  5.53810817e-05 -3.67860563e-05],[1. 1. 1.],0.4351798,1.6014460942420539,[-0.3418067   0.61051023 -0.4537112   0.4543461  -0.45665678  0.45611584],[0. 0. 0.],16960,AircraftBuoyant,Triangle,[0.09733963 0.04683994 0.04685405],"[[ 9.99848880e-01  1.73819856e-02  2.90961989e-04]
 [ 1.09034420e-05 -1.73639493e-02  9.99849235e-01]
 [-1.73844173e-02  9.99698134e-01  1.73615148e-02]]",[0.09733962 0.04685405 0.04683994],"[[ 1.08941545e-03 -9.99859181e-01  1.67460613e-02]
 [-9.99999204e-01 -1.09992458e-03 -6.18360358e-04]
 [-6.36692685e-04  1.67453743e-02  9.99859584e-01]]"
2,../normshapes\AircraftBuoyant\m1339.obj,../shapes\AircraftBuoyant\m1339.obj,1878,[ 0.21777092 -0.00214654 -0.00590192],[ 0.01635113 -0.00045064 -0.00015678],[1. 1. 1.],0.23194125,1.266717844593356,[-0.11018407  0.8398365  -0.30672407  0.29564917 -0.2957283   0.28666463],[0. 0. 0.],6173,AircraftBuoyant,Triangle,[0.06554274 0.00892623 0.00866799],"[[ 9.99930925e-01 -1.17529573e-02 -1.16628204e-04]
 [-1.17535175e-02 -9.99862584e-01 -1.16905257e-02]
 [-2.07860712e-05 -1.16910889e-02  9.99931657e-01]]",[0.06554274 0.00866799 0.00892623],"[[ 0.00532142  0.9999363   0.00995386]
 [ 0.99998422 -0.00533906  0.00174674]
 [-0.00179977 -0.0099444   0.99994893]]"
3,../normshapes\AircraftBuoyant\m1340.obj,../shapes\AircraftBuoyant\m1340.obj,778,[-0.54299526  0.01274754 -0.00446586],[0.14148393 0.00711141 0.00546945],[1. 1. 1.],0.25349474,1.0664549559754417,[-0.8296761   0.12030565 -0.15838827  0.1842948  -0.17022191  0.17245749],[0. 0. 0.],1457,AircraftBuoyant,Triangle,[0.08524597 0.00317761 0.00322742],"[[ 9.99946737e-01 -1.03207591e-02 -6.55150484e-05]
 [-4.08834983e-05 -1.03086301e-02  9.99946864e-01]
 [ 1.03208861e-02  9.99893601e-01  1.03085030e-02]]",[0.08524597 0.00322742 0.00317761],"[[ 0.00116887  0.99997913 -0.00635391]
 [ 0.99999145 -0.00119405 -0.00395971]
 [ 0.00396722  0.00634922  0.99997197]]"
4,../normshapes\AircraftBuoyant\m1341.obj,../shapes\AircraftBuoyant\m1341.obj,425,[ 2.99792121e-01 -1.11506209e-04 -1.90769597e-05],[-9.52894917e-04  1.86526135e-05 -1.84556869e-05],[1. 1. 1.],0.27919862,1.0742191289099787,[-0.28114572  0.66885424 -0.1772627   0.17731231 -0.17730623  0.17726877],[0. 0. 0.],824,AircraftBuoyant,Triangle,[0.08771655 0.00286422 0.00299744],"[[-1.00000000e+00  1.50050821e-06 -2.14454717e-10]
 [ 2.12166384e-10 -1.52503889e-06 -1.00000000e+00]
 [ 1.50050821e-06  1.00000000e+00 -1.52503889e-06]]",[0.08771655 0.00299744 0.00286422],"[[-2.07843352e-04 -9.99999978e-01  1.48961295e-06]
 [-9.99999978e-01  2.07843352e-04 -1.29210812e-08]
 [-1.26114748e-08  1.48961560e-06  1.00000000e+00]]"
5,../normshapes\AircraftBuoyant\m1342.obj,../shapes\AircraftBuoyant\m1342.obj,1252,[ 0.3877461   0.05916919 -0.0038386 ],[-1.91147879e-05 -3.61490374e-06 -4.23722416e-07],[1. 1. 1.],0.2512311,1.2723919186413604,[-0.35377     0.59688246 -0.3094963   0.29612347 -0.29420334  0.29610652],[0. 0. 0.],2305,AircraftBuoyant,Triangle,[0.08185583 0.00791175 0.00747886],"[[ 0.98828349  0.15051391  0.02532404]
 [ 0.15259092 -0.97806658 -0.14178075]
 [-0.00342862 -0.1439838   0.98957411]]",[0.08185583 0.00747886 0.00791175],"[[ 0.0603678  -0.98356146 -0.17018394]
 [-0.99801767 -0.05643591 -0.02785187]
 [-0.01778954 -0.17152794  0.98501863]]"
6,../normshapes\AircraftBuoyant\m1343.obj,../shapes\AircraftBuoyant\m1343.obj,178,[ 9.30356064e-02  4.35144598e-08 -9.60342913e-08],[ 1.75957617e-09 -1.50545752e-09  3.96922389e-10],[1. 1. 1.],0.3590038,1.357746368136316,[-0.39638796  0.5536121  -0.34296015  0.34296083 -0.3429602   0.34296077],[0. 0. 0.],344,AircraftBuoyant,Triangle,[0.08290807 0.02722419 0.02728586],"[[ 1.00000000e+00 -9.10573739e-10  3.85257387e-10]
 [-3.85257388e-10 -1.59145381e-10  1.00000000e+00]
 [ 9.10573739e-10  1.00000000e+00  1.59088839e-10]]",[0.02722419 0.08290806 0.02728586],"[[ 1.00000000e+00  3.46260118e-07  4.10395718e-11]
 [ 3.46260118e-07 -1.00000000e+00 -2.90975401e-07]
 [-4.09388186e-11 -2.90975401e-07  1.00000000e+00]]"
7,../normshapes\AircraftBuoyant\m1344.obj,../shapes\AircraftBuoyant\m1344.obj,1093,[ 3.78205870e-01 -1.23456130e-04 -3.03204568e-03],[-1.08680202e-08  9.79595239e-10 -2.86125625e-09],[1. 1. 1.],0.3120484,1.3211221890859992,[-0.30664197  0.6434433  -0.32462105  0.32450292 -0.32409605  0.3250109 ],[0. 0. 0.],1930,AircraftBuoyant,Triangle,[0.10835615 0.0108532  0.01093409],"[[ 9.99968381e-01  7.95197816e-03  6.06914388e-05]
 [ 2.48239396e-06 -7.94416658e-03  9.99968445e-01]
 [-7.95220937e-03  9.99936826e-01  7.94393513e-03]]",[0.10835615 0.01093409 0.0108532 ],"[[ 1.01636442e-03 -9.99970329e-01  7.63602075e-03]
 [-9.99999434e-01 -1.01874947e-03 -3.08459073e-04]
 [-3.16229113e-04  7.63570291e-03  9.99970798e-01]]"
8,../normshapes\AircraftBuoyant\m1345.obj,../shapes\AircraftBuoyant\m1345.obj,3174,[-5.19832178e-02 -1.97595197e-03  7.78915458e-05],[-2.01718121e-07 -1.01091993e-06 -2.75360275e-07],[1. 1. 1.],0.34617576,1.2511948782380167,[-0.6169261   0.33271238 -0.2823458   0.2934849  -0.2881901   0.28808624],[0. 0. 0.],6000,AircraftBuoyant,Triangle,[0.09119675 0.02041466 0.02040059],"[[ 9.99186513e-01  4.02963761e-02 -1.58543481e-03]
 [ 4.03275341e-02 -9.98375454e-01  4.02509862e-02]
 [-3.91096783e-05  4.02821792e-02  9.99188343e-01]]",[0.09119675 0.02040059 0.02041466],"[[ 1.11849481e-03  9.99225416e-01 -3.93359515e-02]
 [ 9.99998882e-01 -1.15666386e-03 -9.47590311e-04]
 [ 9.92354796e-04  3.93348477e-02  9.99225593e-01]]"
9,../normshapes\AircraftBuoyant\m1346.obj,../shapes\AircraftBuoyant\m1346.obj,742,[-0.01994071 -0.00066999 -0.04907171],[1.61219737e-07 4.30908454e-07 1.48433907e-05],[1. 1. 1.],0.29044232,1.0486444753913777,[-0.17774987  0.14792952 -0.15741646  0.13961147 -0.48289034  0.46861506],[0. 0. 0.],1375,AircraftBuoyant,Triangle,[0.08977681 0.00622558 0.00387209],"[[ 0.00266848 -0.99992897  0.01161605]
 [ 0.01205617  0.01164742  0.99985948]
 [ 0.99992376  0.00252806 -0.01208639]]",[0.0897768  0.00387209 0.00622558],"[[ 0.00155137  0.99991205  0.01317147]
 [ 0.01050078 -0.01318705  0.99985791]
 [-0.99994366  0.00141284  0.01052031]]"
10,../normshapes\AircraftBuoyant\m1347.obj,../shapes\AircraftBuoyant\m1347.obj,3055,[-1.34015938e-02 -1.00329164e-01  8.39598519e-05],[5.12171613e-08 7.74452964e-08 4.69162082e-09],[1. 1. 1.],0.23679842,1.0691763468022235,[-0.5241383   0.42716074 -0.22160542  0.17305125 -0.1430188   0.14406025],[0. 0. 0.],6274,AircraftBuoyant,Triangle,[0.06318696 0.01239918 0.00287793],"[[-9.99774565e-01  2.12323742e-02  7.37057157e-05]
 [ 2.12323745e-02  9.99774568e-01  3.34724285e-06]
 [ 7.36180302e-05 -4.91143563e-06  9.99999997e-01]]",[0.00287793 0.01239918 0.06318696],"[[-9.99975853e-01  6.93630817e-03 -4.25818242e-04]
 [ 6.94043811e-03  9.99919568e-01 -1.06154395e-02]
 [-3.52152033e-04  1.06181385e-02  9.99943564e-01]]"
11,../normshapes\AircraftBuoyant\m1348.obj,../shapes\AircraftBuoyant\m1348.obj,795,[-0.0264378  -0.00076274 -0.04542096],[ 3.19757481e-07  3.59503690e-05 -1.65281412e-04],[1. 1. 1.],0.2783674,1.0486265882412216,[-0.17783625  0.14797866 -0.15896904  0.13763928 -0.48314697  0.46842325],[0. 0. 0.],1382,AircraftBuoyant,Triangle,[0.08403906 0.00639012 0.00363696],"[[ 0.00134799 -0.99992687 -0.01201825]
 [-0.01636513  0.01199459 -0.99979413]
 [-0.99986517 -0.0015444   0.01634776]]",[0.08403906 0.00363696 0.00639012],"[[ 0.00150281  0.99990749  0.01351893]
 [ 0.01486452 -0.01353978  0.99979784]
 [-0.99988839  0.00130156  0.01488349]]"
12,../normshapes\AircraftBuoyant\m1349.obj,../shapes\AircraftBuoyant\m1349.obj,432,[ 0.02638964 -0.09457509  0.00010233],[-1.25054922e-09  1.85305049e-07 -2.53265452e-09],[1. 1. 1.],0.22064304,1.0420556610890608,[-0.45751864  0.4973278  -0.20373681  0.13140701 -0.12443925  0.12421092],[0. 0. 0.],640,AircraftBuoyant,Triangle,[0.0509046  0.00553908 0.0106754 ],"[[-9.99999999e-01  4.01070824e-05  3.63272627e-09]
 [ 5.68187217e-08  1.50725109e-03 -9.99998864e-01]
 [ 4.01070423e-05  9.99998863e-01  1.50725110e-03]]",[0.05090461 0.0106754  0.00553908],"[[-9.98584858e-01  5.31815891e-02 -1.52747296e-05]
 [ 5.31815625e-02  9.98584574e-01  7.54558793e-04]
 [-5.53817450e-05 -7.52678651e-04  9.99999715e-01]]"
13,../normshapes\AircraftBuoyant\m1350.obj,../shapes\AircraftBuoyant\m1350.obj,1097,[0.03051439 0.00393898 0.10369212],[ 1.60534747e-09 -5.54111397e-08 -9.65202532e-07],[1. 1. 1.],0.15819055,1.0501246346987012,[-0.5697623   0.38628346 -0.18150906  0.1506444  -0.12776709  0.15225497],[0. 0. 0.],1976,AircraftBuoyant,Triangle,[0.03387364 0.00603303 0.00393676],"[[ 9.82726156e-01  1.31429854e-01 -1.30290044e-01]
 [ 1.30289869e-01 -9.91325473e-01 -1.72730015e-02]
 [ 1.31430028e-01  8.42512641e-07  9.91325450e-01]]",[0.03387364 0.00393676 0.00603303],"[[-9.91325458e-01 -1.31429970e-01  1.10155605e-07]
 [-5.73168086e-08 -4.05813027e-07 -1.00000000e+00]
 [-1.31429970e-01  9.91325458e-01 -3.94759638e-07]]"
14,../normshapes\AircraftBuoyant\m1351.obj,../shapes\AircraftBuoyant\m1351.obj,12987,[-2.05982787e-01 -2.41220391e-07 -5.53320634e-02],[ 1.23428491e-05 -7.17976298e-07 -4.47996550e-08],[1. 1. 1.],0.1784867,0.9947607233141735,[-0.50693727  0.44444287 -0.09164947  0.09165052 -0.12090705  0.10453884],[0. 0. 0.],24466,AircraftBuoyant,Triangle,[0.03588715 0.00428565 0.00167125],"[[-1.00000000e+00  5.07041281e-06 -1.39361471e-10]
 [ 5.07041281e-06  1.00000000e+00 -5.42145235e-06]
 [-1.11872469e-10  5.42145235e-06  1.00000000e+00]]",[0.00428565 0.03588715 0.00167125],"[[ 1.00000000e+00 -2.52172401e-06 -2.72614553e-06]
 [ 2.55111923e-06 -6.69796964e-02  9.97754339e-01]
 [ 2.69865747e-06  9.97754339e-01  6.69796964e-02]]"
15,../normshapes\AircraftBuoyant\m1352.obj,../shapes\AircraftBuoyant\m1352.obj,3298,[-0.00396777  0.03657221  0.00032569],[ 8.62864769e-05 -5.87962050e-05  1.17600679e-04],[1. 1. 1.],0.27261305,1.0588017580076428,[-0.44769135  0.5023081  -0.15393126  0.19804455 -0.15342163  0.15427178],[0. 0. 0.],6348,AircraftBuoyant,Triangle,[0.07047498 0.00495225 0.01012987],"[[-9.99997710e-01  2.14020542e-03  2.01508400e-06]
 [ 2.00962238e-06 -2.55406271e-06  1.00000000e+00]
 [-2.14020543e-03 -9.99997710e-01 -2.54975585e-06]]",[0.07047498 0.01012987 0.00495225],"[[ 0.99999658 -0.0023833  -0.00107235]
 [-0.00238531 -0.99999539 -0.0018792 ]
 [ 0.00106786 -0.00188176  0.99999766]]"
16,../normshapes\Apartment\D00045.obj,../shapes\Apartment\D00045.obj,14865,[ 0.01680034 -0.08521831 -0.65721574],[ 0.01644285 -0.05412127 -0.47964747],[1. 1. 1.],0.44798,2.155302031734968,[-0.6837126   0.72917956 -0.7697338   0.66780835 -1.0220335  -0.25879353],[0. 0. 0.],21021,Apartment,Triangle,[0.10693727 0.03665936 0.06283398],"[[ 0.99463596  0.07630732 -0.06983195]
 [ 0.06902082  0.01321913  0.99752763]
 [-0.07704178  0.99699671 -0.00788143]]",[0.10693727 0.03665936 0.06283398],"[[ 0.9780651   0.17381015  0.11479853]
 [ 0.09703149  0.10750378 -0.98945835]
 [ 0.18431918 -0.97889375 -0.08828064]]"
17,../normshapes\Apartment\D00086.obj,../shapes\Apartment\D00086.obj,20493,[-0.00093725  0.53969991  0.0065289 ],[-5.32654937e-05 -1.41493502e-05  1.24959139e-05],[1. 1. 1.],0.4283841,2.523827554581148,[-0.89065176  0.89947337 -0.8592841   0.8053719  -0.29600018  0.3317563 ],[0. 0. 0.],42064,Apartment,Triangle,[0.17361445 0.01156898 0.04179797],"[[ 9.99740149e-01 -2.27877616e-02 -5.93835122e-04]
 [-6.15873445e-04 -9.60106285e-04 -9.99999349e-01]
 [-2.27871766e-02 -9.99739864e-01  9.73891177e-04]]",[0.17361445 0.04179797 0.01156898],"[[ 0.99634248  0.08495874  0.00914742]
 [ 0.08435384 -0.99500204  0.05343571]
 [-0.01364153  0.05246865  0.99852939]]"
18,../normshapes\Apartment\D00138.obj,../shapes\Apartment\D00138.obj,10827,[0.07918137 0.24000608 0.11981366],[-6.26821429e-08  1.16458770e-08 -7.45425285e-09],[1. 1. 1.],0.18904725,2.0549924930519783,[-0.79695225  0.7864916  -0.5926483   0.5988737  -0.2735196   0.2705162 ],[0. 0. 0.],21140,Apartment,Triangle,[0.04053749 0.00691138 0.01949903],"[[ 0.99898106 -0.03119487  0.03261463]
 [-0.03102026  0.05029607  0.9982525 ]
 [ 0.03278075  0.99824706 -0.04927715]]",[0.04053749 0.00691138 0.01949903],"[[-9.99477518e-01 -3.23201586e-02  3.12140538e-04]
 [-4.84729086e-04  2.46447281e-02  9.99696155e-01]
 [ 3.23180309e-02 -9.99173681e-01  2.46475182e-02]]"
19,../normshapes\Apartment\D00156.obj,../shapes\Apartment\D00156.obj,12732,[ 1.02712620e-04 -1.78461469e-01 -8.26622923e-03],[ 2.93891005e-07  2.10791565e-08 -4.42112065e-08],[1. 1. 1.],0.6577403,2.3868663119081774,[-0.8115012   0.82632136 -0.66911113  0.609849   -0.59275925  0.58151877],[0. 0. 0.],19380,Apartment,Triangle,[0.02931208 0.23687052 0.19412456],"[[-0.03489212  0.99938954 -0.00175596]
 [-0.00444892  0.00160169  0.99998882]
 [-0.99938118 -0.03489954 -0.00439032]]",[0.23687052 0.19412456 0.02931208],"[[ 0.96834428  0.24787906  0.02941638]
 [ 0.24955814 -0.96395407 -0.09226745]
 [-0.00548487 -0.09668775  0.99529965]]"
20,../normshapes\Apartment\D00310.obj,../shapes\Apartment\D00310.obj,14464,[-0.00758063  0.0474257  -0.27737735],[ 0.04833793 -0.04157779 -0.34706405],[1. 1. 1.],0.5773757,2.1858418712036705,[-0.8450631   0.97391546 -0.48943225  0.4652693  -0.6413507   0.10548713],[0. 0. 0.],9480,Apartment,Triangle,[0.27760058 0.02494206 0.07429362],"[[ 9.98838026e-01  4.81917226e-02  3.93839852e-04]
 [ 4.53201461e-04 -1.22085976e-03 -9.99999152e-01]
 [ 4.81912009e-02 -9.98837358e-01  1.24128171e-03]]",[0.27760058 0.07429363 0.02494206],"[[ 0.99840528 -0.051258   -0.02365413]
 [-0.05083436 -0.99854167  0.01817693]
 [ 0.02455135  0.0169455   0.99955494]]"
21,../normshapes\Apartment\D00348.obj,../shapes\Apartment\D00348.obj,2006,[0.00746203 0.01688108 0.37896807],[-4.55413038e-05 -3.02898422e-05 -2.42830818e-04],[1. 1. 1.],0.48177898,2.1538978772530877,[-0.81235456  0.82988703 -0.41535303  0.5203906  -0.4559527   0.5768601 ],[0. 0. 0.],3008,Apartment,Triangle,[0.19116995 0.0048928  0.08250579],"[[ 0.99733889 -0.07288194 -0.00183443]
 [-0.00204322 -0.00279028 -0.99999402]
 [-0.07287639 -0.99733667  0.00293177]]",[0.19116995 0.08250579 0.0048928 ],"[[ 0.99625917  0.0792821   0.03438053]
 [ 0.07734198 -0.99551387  0.05450098]
 [-0.03854724  0.05163804  0.99792165]]"
22,../normshapes\Apartment\D00366.obj,../shapes\Apartment\D00366.obj,1294,[ 0.09939868 -0.05352363  0.07076931],[-0.00030928  0.000393    0.00018545],[1. 1. 1.],0.6026213,2.5958015959449585,[-0.81336844  0.883084   -0.73672694  0.72886485 -0.6306163   0.6779233 ],[0. 0. 0.],2540,Apartment,Triangle,[0.20970553 0.08072606 0.1047377 ],"[[ 0.99895194  0.04498386 -0.00845409]
 [ 0.00837262  0.00199923  0.99996295]
 [-0.04499909  0.99898571 -0.0016205 ]]",[0.20970553 0.1047377  0.08072606],"[[ 0.99661581  0.07339569  0.03701341]
 [ 0.08181126 -0.92941841 -0.35984487]
 [-0.00798988 -0.3616552   0.93227768]]"
23,../normshapes\Apartment\D00478.obj,../shapes\Apartment\D00478.obj,19857,[0.03779471 0.11840513 0.70647216],[0.0404882  0.10939388 0.68741293],[1. 1. 1.],0.58261037,2.172328934963631,[-0.7587213   0.8824274  -0.34736267  0.75331056  0.23369361  1.1360031 ],[0. 0. 0.],25206,Apartment,Triangle,[0.22955209 0.04703554 0.08497148],"[[ 0.99886222  0.04749781 -0.00426814]
 [ 0.00420445  0.00144074  0.99999012]
 [-0.04750349  0.9988703  -0.0012394 ]]",[0.22955209 0.08497148 0.04703554],"[[ 0.99813753  0.05380708  0.02874478]
 [ 0.05804459 -0.98265489 -0.17612551]
 [-0.0187694  -0.17746596  0.98394794]]"
24,../normshapes\Apartment\D00496.obj,../shapes\Apartment\D00496.obj,7737,[ 0.19046902 -0.03162537 -0.07642777],[-7.26778354e-07  1.50147827e-07  2.55500772e-07],[1. 1. 1.],0.5189563,2.6827489384968275,[-0.97381985  0.8526144  -0.5983531   0.56854844 -0.8106253   0.7703935 ],[0. 0. 0.],2579,Apartment,Triangle,[0.04797047 0.11902877 0.12583616],"[[ 0.05078985  0.88564829  0.46157068]
 [ 0.90002411 -0.24090667  0.36320871]
 [-0.43287063 -0.39697742  0.80934044]]",[0.04797047 0.11902877 0.12583616],"[[ 5.27407637e-02  9.10681859e-01 -4.09727913e-01]
 [ 2.31046545e-02  4.09076305e-01  9.12207625e-01]
 [-9.98340917e-01  5.75771487e-02 -5.34007004e-04]]"
25,../normshapes\Apartment\D00626.obj,../shapes\Apartment\D00626.obj,73184,[-0.04545497 -0.10072443  0.13793351],[ 3.66110271e-05  1.15047856e-03 -1.04280104e-03],[1. 1. 1.],0.5545274,2.221008596265997,[-0.885495    0.9036776  -0.48290753  0.4729795  -0.42728403  0.4771608 ],[0. 0. 0.],64688,Apartment,Triangle,[0.25056354 0.0446895  0.06264458],"[[ 9.99980565e-01  6.21311738e-03 -5.17003072e-04]
 [ 5.17504328e-04 -7.90696891e-05  9.99999863e-01]
 [-6.21307564e-03  9.99980695e-01  8.22834675e-05]]",[0.25056353 0.06264458 0.0446895 ],"[[ 9.99660294e-01 -2.60456589e-02  9.59735332e-04]
 [-2.55284030e-02 -9.85901061e-01 -1.65370488e-01]
 [-5.25338741e-03 -1.65289810e-01  9.86231048e-01]]"
26,../normshapes\Apartment\D00639.obj,../shapes\Apartment\D00639.obj,4849,[-0.03511652 -0.01289358  0.09208308],[-4.52654449e-09 -8.90489403e-09 -1.07900964e-08],[1. 1. 1.],0.554428,2.337811821046836,[-0.8246211   0.92151237 -0.58788025  0.534451   -0.44453216  0.6309932 ],[0. 0. 0.],7980,Apartment,Triangle,[0.19643149 0.08108464 0.05736936],"[[ 0.97601229  0.164974    0.14206896]
 [ 0.16265718 -0.9862895   0.02785066]
 [-0.14471576  0.00407405  0.98946488]]",[0.19643149 0.05736936 0.08108464],"[[ 0.98329075  0.18155036  0.01337046]
 [ 0.03728557 -0.12896214 -0.99094831]
 [ 0.17818274 -0.97488883  0.13357649]]"
27,../normshapes\Apartment\D00651.obj,../shapes\Apartment\D00651.obj,12732,[7.77998415e-05 1.78531102e-01 6.59416362e-03],[-1.09795026e-07 -5.91237337e-08  1.21210251e-07],[1. 1. 1.],0.6577404,2.394761725694288,[-0.8108913   0.8268281  -0.61374557  0.67088336 -0.5852811   0.5989856 ],[0. 0. 0.],19380,Apartment,Triangle,[0.02931208 0.23687052 0.19412456],"[[-0.0374758   0.99929601 -0.00174382]
 [ 0.01381737 -0.0012267  -0.99990378]
 [ 0.999202    0.03749629  0.01376167]]",[0.23687052 0.19412456 0.02931208],"[[ 0.76177253 -0.64632238 -0.04438462]
 [-0.64780794 -0.75921088 -0.06279896]
 [-0.00689109 -0.07659123  0.99703876]]"
28,../normshapes\Apartment\D00681.obj,../shapes\Apartment\D00681.obj,13823,[ 0.02571917  0.06841107 -0.19988821],[0.00267187 0.00080216 0.00402333],[1. 1. 1.],0.637999,2.4338880393512126,[-0.84117126  0.877641   -0.47797513  0.70319283 -0.68534636  0.56937975],[0. 0. 0.],15557,Apartment,Triangle,[0.30921978 0.03762018 0.09658267],"[[ 0.99258499  0.12131266  0.00763387]
 [ 0.00613363  0.01273531 -0.99990009]
 [ 0.12139776 -0.99253264 -0.01189679]]",[0.30921978 0.09658267 0.03762017],"[[ 0.97781977  0.19663208 -0.07214092]
 [ 0.20352876 -0.97335087  0.1056604 ]
 [ 0.0494422   0.11799958  0.99178202]]"
29,../normshapes\Apartment\D00780.obj,../shapes\Apartment\D00780.obj,8240,[-0.03729957  0.02364007 -0.02720184],[-3.78915536e-03  5.01635574e-04  6.52123409e-06],[1. 1. 1.],0.67680573,2.0308409067396305,[-0.7998423   0.9108146  -0.3978628   0.5284683  -0.28262764  0.30036336],[0. 0. 0.],13684,Apartment,Triangle,[0.36809068 0.0157519  0.12315976],"[[ 9.97812374e-01 -6.60974945e-02  1.25964489e-03]
 [-8.63628394e-04  6.01963055e-03  9.99981509e-01]
 [ 6.61038549e-02  9.97795012e-01 -5.94937818e-03]]",[0.36809068 0.12315976 0.0157519 ],"[[ 0.98319677 -0.17897371 -0.03595159]
 [-0.18003594 -0.98323687 -0.02884983]
 [ 0.03018556 -0.03483763  0.99893702]]"
30,../normshapes\Apartment\D00792.obj,../shapes\Apartment\D00792.obj,1327,[ 0.1071655   0.33162197 -0.03795104],[-4.91325954e-06  4.49682609e-06  1.05072212e-06],[1. 1. 1.],0.5146256,2.969655714191809,[-0.759387    0.7452229  -0.9139799   0.92343277 -0.8957615   0.88719076],[0. 0. 0.],1158,Apartment,Triangle,[0.17266151 0.04606576 0.09694567],"[[-0.89753833  0.3774534  -0.22793393]
 [ 0.09373745  0.66844985  0.7378266 ]
 [-0.43085755 -0.64086171  0.63534088]]",[0.17266151 0.09694567 0.04606576],"[[-0.46062879  0.80958936 -0.36384912]
 [ 0.88372963  0.38011416 -0.2730113 ]
 [ 0.08272284  0.44730111  0.89054963]]"
31,../normshapes\Apartment\D00859.obj,../shapes\Apartment\D00859.obj,1378,[0.05297197 0.08493766 0.11128347],[ 5.92432246e-06  1.64426001e-06 -6.00732855e-06],[1. 1. 1.],0.57007825,2.2873460830472037,[-0.9195533   0.9530453  -0.543272    0.6279359  -0.29748216  0.29715925],[0. 0. 0.],2163,Apartment,Triangle,[0.25744909 0.01868207 0.09891981],"[[ 0.99955257 -0.02988504  0.00124583]
 [-0.00129109 -0.00149519  0.99999805]
 [ 0.02988312  0.99955222  0.00153311]]",[0.25744909 0.0989198  0.01868207],"[[ 0.9947761   0.10152261 -0.0106614 ]
 [ 0.100254   -0.99130078 -0.08527538]
 [ 0.01922603 -0.08376106  0.99630038]]"
32,../normshapes\Apartment\D00860.obj,../shapes\Apartment\D00860.obj,19857,[0.04276509 0.12172452 0.72571756],[0.04378626 0.11060523 0.69335062],[1. 1. 1.],0.58261037,2.173567510042637,[-0.75248235  0.8883005  -0.34409398  0.756701    0.25192663  1.1577289 ],[0. 0. 0.],25206,Apartment,Triangle,[0.22955209 0.04703554 0.08497148],"[[ 0.99871307  0.05054619 -0.00415763]
 [ 0.00408401  0.00155979  0.99999044]
 [-0.05055219  0.99872051 -0.00135135]]",[0.22955209 0.08497148 0.04703554],"[[ 0.9980322   0.05509266  0.02994196]
 [ 0.0592148  -0.98516366 -0.16107818]
 [-0.02062351 -0.16253422  0.98648735]]"
33,../normshapes\Apartment\D00869.obj,../shapes\Apartment\D00869.obj,4930,[-0.00760375 -0.00202348  0.00792037],[-0.00095011 -0.00012284  0.00222118],[1. 1. 1.],0.6617207,2.0463618404455723,[-0.7818415   0.7889099  -0.47492415  0.47050425 -0.48859212  0.4205294 ],[0. 0. 0.],9069,Apartment,Triangle,[0.26627842 0.07982689 0.12188595],"[[ 0.99855209  0.05368557  0.00340436]
 [ 0.00320976  0.00371061 -0.99998796]
 [ 0.05369756 -0.998551   -0.00353292]]",[0.26627842 0.12188595 0.07982689],"[[ 0.99061291  0.13211515 -0.03509488]
 [ 0.13542341 -0.9834532   0.12033415]
 [ 0.0186162   0.12395723  0.99211292]]"
34,../normshapes\Apartment\D00921.obj,../shapes\Apartment\D00921.obj,12842,[0.17153176 0.12917887 0.20262864],[-3.18746776e-04 -2.50699928e-04  2.92435639e-05],[1. 1. 1.],0.40712342,2.248814421414101,[-0.8666474   0.85019267 -0.5353594   0.6402419  -0.38289148  0.47009644],[0. 0. 0.],7983,Apartment,Triangle,[0.08220139 0.06151274 0.05114192],"[[ 0.93780371  0.33327663  0.09721566]
 [ 0.32784756 -0.94229646  0.06777436]
 [-0.11419358  0.03168713  0.99295305]]",[0.08220139 0.05114192 0.06151274],"[[ 0.94408494  0.31905307 -0.08311902]
 [ 0.21163009 -0.77973161 -0.58926337]
 [ 0.25281681 -0.53872418  0.8036541 ]]"
35,../normshapes\Apartment\D00953.obj,../shapes\Apartment\D00953.obj,4158,[-2.53053575  0.23551116  0.20232267],[-1.68390364  0.02883436  0.06562252],[1. 1. 1.],0.4534348,2.513767208550165,[-2.974701   -1.916053   -0.5897488   0.99655825 -0.65555537  0.9821015 ],[0. 0. 0.],7140,Apartment,Triangle,[0.03380304 0.10528299 0.08755189],"[[ 0.94166703 -0.27812703  0.18949555]
 [-0.27520814 -0.96046278 -0.04209193]
 [-0.19371032  0.01251413  0.98097895]]",[0.03380305 0.105283   0.08755189],"[[-0.24319934  0.9465329  -0.21196593]
 [-0.07441019  0.19967721  0.97703231]
 [-0.96711799 -0.25338604 -0.02187032]]"
36,../normshapes\Apartment\m463.obj,../shapes\Apartment\m463.obj,2022,[-1.45296021e-01  1.94817016e-05  1.54769778e-05],[-5.72414163e-09 -3.25476472e-10 -2.69649331e-09],[1. 1. 1.],0.32233882,1.3350906673403666,[-0.6950592   0.25498304 -0.38002032  0.38000882 -0.2749406   0.27482527],[0. 0. 0.],3672,Apartment,Triangle,[0.08203654 0.01981087 0.01749234],"[[-1.00000000e+00 -2.38430969e-10  1.29095919e-10]
 [-2.38430936e-10  1.00000000e+00  2.59027566e-07]
 [ 1.29095981e-10 -2.59027566e-07  1.00000000e+00]]",[0.01981087 0.08203654 0.01749234],"[[ 1.00000000e+00  1.37669631e-05  1.21324050e-07]
 [ 1.37669477e-05 -9.99999992e-01  1.25896799e-04]
 [-1.23057266e-07  1.25896797e-04  9.99999992e-01]]"
37,../normshapes\Apartment\m464.obj,../shapes\Apartment\m464.obj,8301,[-2.69563398e-01  2.58537254e-05  2.27682042e-03],[-2.89735533e-03  7.32591224e-05 -2.18904279e-05],[1. 1. 1.],0.25468427,1.0396154580743118,[-0.7123402   0.23794842 -0.16284029  0.15972628 -0.13603714  0.13544525],[0. 0. 0.],12810,Apartment,Triangle,[0.07040256 0.00360357 0.00423079],"[[ 9.99977346e-01  6.73099532e-03  4.15227364e-05]
 [ 3.75670566e-06 -6.72685321e-03  9.99977374e-01]
 [-6.73112235e-03  9.99954721e-01  6.72672610e-03]]",[0.07040255 0.00423079 0.00360357],"[[ 6.31857176e-04 -9.99980760e-01  6.17086607e-03]
 [-9.99999643e-01 -6.35302410e-04 -5.56362043e-04]
 [-5.60271705e-04  6.17051233e-03  9.99980805e-01]]"
38,../normshapes\Apartment\m465.obj,../shapes\Apartment\m465.obj,2335,[0.11303722 0.07124555 0.02852826],[0.00019967 0.00039035 0.00012073],[1. 1. 1.],0.29126596,1.1364514105385148,[-0.42100617  0.38461363 -0.39717332  0.37987447 -0.10218985  0.09452131],[0. 0. 0.],4363,Apartment,Triangle,[0.0961435  0.00379571 0.00234548],"[[-0.70084472 -0.51651682 -0.49196245]
 [-0.71140995  0.4557761   0.53494302]
 [ 0.05208234 -0.72489897  0.68688348]]",[0.0961435  0.00234548 0.00379571],"[[-0.04645824  0.73662715 -0.67470147]
 [ 0.99748707 -0.00195752 -0.07082163]
 [ 0.05348988  0.67629625  0.73468511]]"
39,../normshapes\AquaticAnimal\m53.obj,../shapes\AquaticAnimal\m53.obj,18409,[-0.01773461 -0.00208537  0.02463213],[ 4.90793545e-05 -1.38783200e-05  3.36586426e-04],[1. 1. 1.],0.21570663,1.0136717004161706,[-0.16214661  0.16296276 -0.0778065   0.07280625 -0.6139724   0.3342628 ],[0. 0. 0.],34877,AquaticAnimal,Triangle,[0.0499066  0.00467619 0.00080309],"[[ 0.0594964   0.99447731 -0.08645844]
 [-0.12140943  0.09317793  0.98821942]
 [-0.99081781  0.04829863 -0.12628267]]",[0.0499066  0.00080309 0.00467619],"[[ 0.08217031  0.99657829 -0.00893045]
 [ 0.04400344  0.00532412  0.99901719]
 [-0.99564639  0.08248252  0.04341538]]"
40,../normshapes\AquaticAnimal\m54.obj,../shapes\AquaticAnimal\m54.obj,18143,[-0.0113991  -0.00767121  0.06457939],[ 1.44500932e-05 -2.58245792e-05 -1.88795985e-05],[1. 1. 1.],0.24775231,1.0540161272205952,[-0.18884756  0.16618945 -0.12505317  0.10094158 -0.5725338   0.39381248],[0. 0. 0.],33836,AquaticAnimal,Triangle,[0.06749693 0.0044008  0.00157093],"[[ 0.11173758  0.99219364  0.05537589]
 [ 0.16187781  0.03680699 -0.98612414]
 [ 0.98046432 -0.11915125  0.15650141]]",[0.06749693 0.00157093 0.0044008 ],"[[ 0.15804306  0.97981667  0.12239968]
 [-0.01619696 -0.12136847  0.99247537]
 [-0.98729937  0.15883635  0.00331139]]"
41,../normshapes\AquaticAnimal\m55.obj,../shapes\AquaticAnimal\m55.obj,19505,[-0.02943872  0.00407893 -0.08473345],[2.07542748e-05 6.42456951e-06 3.29969012e-05],[1. 1. 1.],0.22373743,1.028256927969476,[-0.18408898  0.1730658  -0.07047763  0.09701588 -0.3758507   0.5737275 ],[0. 0. 0.],37072,AquaticAnimal,Triangle,[0.05669037 0.00413497 0.00118698],"[[ 0.01750445 -0.99818173 -0.05767874]
 [ 0.07729449  0.0588659  -0.99526899]
 [-0.99685463 -0.01296339 -0.07818436]]",[0.05669037 0.00118698 0.00413497],"[[ 0.0615859   0.99809744 -0.00294422]
 [ 0.01668159 -0.00397871 -0.99985294]
 [ 0.99796237 -0.06152773  0.01689488]]"
42,../normshapes\AquaticAnimal\m56.obj,../shapes\AquaticAnimal\m56.obj,5814,[0.10347734 0.0261392  0.00022867],[-4.28142965e-05 -2.35531733e-05  1.34953111e-05],[1. 1. 1.],0.21154995,1.0176605260223388,[-0.5821667   0.3652577  -0.17404948  0.16843866 -0.07212166  0.07182903],[0. 0. 0.],10893,AquaticAnimal,Triangle,[0.05384921 0.00092353 0.00337462],"[[ 9.99999930e-01  3.74431403e-04  1.60709151e-06]
 [ 1.60598759e-06  2.94858014e-06 -1.00000000e+00]
 [ 3.74431408e-04 -9.99999930e-01 -2.94797860e-06]]",[0.00092353 0.00337462 0.05384921],"[[-9.99963163e-01 -8.58243684e-03  1.19653743e-04]
 [-8.57948875e-03  9.99839207e-01  1.57465206e-02]
 [ 2.54778023e-04 -1.57449140e-02  9.99876009e-01]]"
43,../normshapes\AquaticAnimal\m57.obj,../shapes\AquaticAnimal\m57.obj,18878,[-2.54306557e-02 -2.03006314e-02 -3.41620496e-06],[-3.53610438e-04  2.91845854e-05 -2.77829598e-05],[1. 1. 1.],0.21900369,1.0207794507650125,[-0.33109692  0.61507756 -0.1755552   0.188577   -0.05917866  0.05978454],[0. 0. 0.],36278,AquaticAnimal,Triangle,[0.05013035 0.00591201 0.00068347],"[[ 0.99394869  0.10983088  0.00178199]
 [ 0.10983303 -0.99394938 -0.0011581 ]
 [-0.00164401 -0.00134682  0.99999774]]",[0.00068347 0.05013035 0.00591201],"[[-9.99998930e-01 -1.84669253e-04  1.45138428e-03]
 [-1.43903064e-03 -5.49999464e-02 -9.98485320e-01]
 [-2.64215596e-04  9.98486340e-01 -5.49996218e-02]]"
44,../normshapes\AquaticAnimal\m58.obj,../shapes\AquaticAnimal\m58.obj,477,[-0.03143386 -0.00113385  0.10644823],[ 9.39470609e-10 -5.00895236e-10 -1.71833013e-09],[1. 1. 1.],0.29415813,1.1746985916258903,[-0.30008787  0.17228849 -0.2509784   0.26081342 -0.37516287  0.5708004 ],[0. 0. 0.],950,AquaticAnimal,Triangle,[0.06708743 0.0145742  0.01341133],"[[ 0.08285886 -0.99320108 -0.08176807]
 [-0.11873782 -0.09130487  0.98871874]
 [ 0.98946235  0.07221514  0.12549595]]",[0.06708743 0.01341134 0.0145742 ],"[[ 0.06647565 -0.99757241 -0.02074302]
 [-0.05791818  0.0168961  -0.99817834]
 [-0.99610565 -0.06755595  0.0566544 ]]"
45,../normshapes\AquaticAnimal\m59.obj,../shapes\AquaticAnimal\m59.obj,44,[-7.96004608e-02  5.89807191e-04  1.15257822e-05],[-1.20251924e-06 -1.78508827e-07  2.31305431e-07],[1. 1. 1.],0.2488584,0.9912114209704807,[-0.54232776  0.40767226 -0.09941018  0.1005898  -0.09998848  0.10001152],[0. 0. 0.],1680,AquaticAnimal,Triangle,[0.07700169 0.00172103 0.00145433],"[[ 1.00000000e+00 -8.85348558e-10 -3.54310339e-10]
 [-8.85348558e-10 -1.00000000e+00  6.47368134e-10]
 [ 3.54310340e-10  6.47367783e-10  1.00000000e+00]]",[0.00145433 0.07700169 0.00172103],"[[ 1.00000000e+00  9.38264196e-12 -9.33576574e-15]
 [ 9.33577971e-15 -1.48926850e-09  1.00000000e+00]
 [-9.38264196e-12  1.00000000e+00  1.48926871e-09]]"
46,../normshapes\AquaticAnimal\m60.obj,../shapes\AquaticAnimal\m60.obj,1606,[ 5.14416550e-02 -2.20812555e-02 -1.21713278e-05],[ 6.69674270e-09 -2.31068024e-09 -1.57737980e-10],[1. 1. 1.],0.23115683,1.069098496677831,[-0.5677798   0.37651187 -0.19496718  0.18781218 -0.16183598  0.16183798],[0. 0. 0.],3208,AquaticAnimal,Triangle,[0.05928439 0.001928   0.0053274 ],"[[-9.99999936e-01 -3.58096132e-04 -1.48657556e-07]
 [-2.56829722e-08 -3.43412190e-04  9.99999941e-01]
 [ 3.58096162e-04 -9.99999877e-01 -3.43412159e-04]]",[0.001928   0.05928439 0.0053274 ],"[[ 9.99999908e-01  6.36675806e-05 -4.24800188e-04]
 [ 4.21763716e-04  4.18477828e-02  9.99123909e-01]
 [-8.13887479e-05  9.99123996e-01 -4.18477521e-02]]"
47,../normshapes\AquaticAnimal\m61.obj,../shapes\AquaticAnimal\m61.obj,216,[-0.00669696  0.00094863  0.00709569],[ 0.00017584  0.00057232 -0.00831105],[1. 1. 1.],0.2489034,1.0468579991425322,[-0.23734744  0.15012936 -0.08363221  0.0861792  -0.36679634  0.5907722 ],[0. 0. 0.],337,AquaticAnimal,Triangle,[0.06673058 0.00494128 0.00203048],"[[ 0.0469934  -0.99850438 -0.02793977]
 [ 0.02489734  0.02913283 -0.99926543]
 [-0.99858487 -0.04626325 -0.02622916]]",[0.06673058 0.00203048 0.00494128],"[[ 0.02119021 -0.99851641  0.05015934]
 [-0.00270949 -0.05022778 -0.99873411]
 [-0.99977179 -0.02102747  0.00376981]]"
48,../normshapes\AquaticAnimal\m62.obj,../shapes\AquaticAnimal\m62.obj,241,[-0.07196885 -0.03455358  0.00032745],[-5.15599956e-09 -8.48800958e-10  2.39139142e-13],[1. 1. 1.],0.29668564,1.1667130525318696,[-0.560167    0.33445185 -0.4263957   0.3149422  -0.05269588  0.05357995],[0. 0. 0.],478,AquaticAnimal,Triangle,[0.06533673 0.03227281 0.00042477],"[[ 9.27086062e-01  3.74840028e-01  2.52724923e-03]
 [ 3.74837619e-01 -9.27089446e-01  1.38555094e-03]
 [-2.86234604e-03  3.37216884e-04  9.99995847e-01]]",[0.00042477 0.06533673 0.03227281],"[[-9.99997433e-01 -1.22660816e-03 -1.90498367e-03]
 [-2.10413617e-03  1.90929809e-01  9.81601437e-01]
 [ 8.40322170e-04 -9.81602926e-01  1.90931899e-01]]"
49,../normshapes\AquaticAnimal\m63.obj,../shapes\AquaticAnimal\m63.obj,1112,[-0.09179447 -0.04302301 -0.00172498],[ 0.00164658 -0.00184468  0.00024485],[1. 1. 1.],0.24972065,1.4129820997712377,[-0.3590875   0.6363734  -0.40519947  0.25821325 -0.38595968  0.36601081],[0. 0. 0.],1792,AquaticAnimal,Triangle,[0.04384779 0.01444089 0.01902393],"[[-9.99962498e-01  8.66002461e-03 -8.00512529e-05]
 [ 9.21331174e-05  1.39474055e-03 -9.99999023e-01]
 [ 8.65990450e-03  9.99961529e-01  1.39548612e-03]]",[0.04384779 0.01902393 0.01444088],"[[ 0.94940246  0.31405972  0.0012082 ]
 [ 0.31397363 -0.94921943  0.02007577]
 [-0.00745184  0.01868065  0.99979773]]"
50,../normshapes\AquaticAnimal\m64.obj,../shapes\AquaticAnimal\m64.obj,247,[ 0.1328609   0.02310796 -0.00042203],[1.79606204e-03 7.84478266e-04 4.37906485e-05],[1. 1. 1.],0.23697415,1.0969363568988661,[-0.33676773  0.61592686 -0.26275957  0.25873607 -0.07692913  0.07696915],[0. 0. 0.],444,AquaticAnimal,Triangle,[0.06007655 0.00121391 0.00757851],"[[-9.99999834e-01 -5.75547944e-04  1.36267641e-06]
 [-1.35878302e-06 -6.76506053e-06 -1.00000000e+00]
 [-5.75547953e-04  9.99999834e-01 -6.76427736e-06]]",[0.06007655 0.00757851 0.00121391],"[[ 9.99723727e-01  2.35021484e-02 -3.43383363e-04]
 [ 2.35035102e-02 -9.99712574e-01  4.72810126e-03]
 [ 2.32164128e-04  4.73486573e-03  9.99988764e-01]]"
51,../normshapes\AquaticAnimal\m65.obj,../shapes\AquaticAnimal\m65.obj,1004,[ 0.06351716 -0.01212073 -0.00023175],[-6.03742975e-06  1.43145487e-06  1.07035555e-06],[1. 1. 1.],0.17935593,1.1827488759078921,[-0.70407945  0.26698437 -0.24631321  0.31533018 -0.18746746  0.18734802],[0. 0. 0.],1930,AquaticAnimal,Triangle,[0.03030042 0.00766154 0.00212332],"[[ 9.50924972e-01 -3.09411351e-01  2.51282541e-03]
 [-3.09413015e-01 -9.50927705e-01  2.93415433e-04]
 [-2.29872923e-03  1.05651695e-03  9.99996800e-01]]",[0.00212332 0.03030042 0.00766154],"[[-9.99998617e-01 -6.98283511e-04 -1.50970073e-03]
 [-1.38168493e-03 -1.56641092e-01  9.87654625e-01]
 [ 9.26144111e-04 -9.87655345e-01 -1.56639911e-01]]"
52,../normshapes\AquaticAnimal\m66.obj,../shapes\AquaticAnimal\m66.obj,4117,[ 0.03490988 -0.07924835 -0.0167219 ],[2.37006518e-05 8.16994406e-05 4.38731832e-05],[1. 1. 1.],0.28739694,1.1276047682887216,[-0.25199074  0.29240295 -0.6193477   0.27995163 -0.19768997  0.21021785],[0. 0. 0.],8196,AquaticAnimal,Triangle,[0.07709995 0.00514867 0.0065652 ],"[[ 0.31421368 -0.94103818 -0.12536705]
 [-0.92157384 -0.27063733 -0.27831116]
 [-0.22797243 -0.20298417  0.95227412]]",[0.07709994 0.0065652  0.00514867],"[[ 0.03901673  0.99381542 -0.10396448]
 [ 0.21249645  0.09341167  0.97268675]
 [-0.97638259  0.06004314  0.20753763]]"
53,../normshapes\AquaticAnimal\m67.obj,../shapes\AquaticAnimal\m67.obj,14000,[ 0.0357958  -0.00447145  0.00079797],[-7.79312354e-09  1.10585957e-09 -7.00451140e-09],[1. 1. 1.],0.27762172,1.0417315127865134,[-0.5080391   0.44183877 -0.16661464  0.19736996 -0.10811532  0.11649951],[0. 0. 0.],27996,AquaticAnimal,Triangle,[0.07938266 0.00092245 0.00822952],"[[ 9.99976468e-01 -4.86661623e-03 -4.83514012e-03]
 [-4.83526233e-03 -1.33470484e-05 -9.99988310e-01]
 [-4.86649480e-03 -9.99988158e-01  3.68781004e-05]]",[0.07938266 0.00822952 0.00092245],"[[ 0.99996732  0.00761113 -0.00272676]
 [ 0.0027759  -0.00645299  0.99997533]
 [-0.00759335  0.99995021  0.00647391]]"
54,../normshapes\AquaticAnimal\m68.obj,../shapes\AquaticAnimal\m68.obj,553,[ 0.04569306  0.01586222 -0.00015798],[-3.22303670e-09  1.31561681e-10 -8.72629192e-11],[1. 1. 1.],0.19688176,0.9956592645099428,[-0.45142984  0.49633735 -0.13697404  0.12127547 -0.08122451  0.08120054],[0. 0. 0.],1098,AquaticAnimal,Triangle,[0.04762117 0.00129308 0.00347412],"[[-9.99976617e-01 -6.83854017e-03 -2.37009792e-05]
 [-2.42141111e-05  7.49525125e-05  9.99999997e-01]
 [ 6.83853838e-03 -9.99976614e-01  7.51163490e-05]]",[0.04762117 0.00347412 0.00129308],"[[ 0.9997534  -0.02195358  0.00334242]
 [-0.02192962 -0.99973471 -0.00704315]
 [-0.00349616 -0.00696812  0.99996961]]"
55,../normshapes\AquaticAnimal\m69.obj,../shapes\AquaticAnimal\m69.obj,317,[0.00705138 0.03142572 0.00176821],[-4.75548324e-06  1.00350204e-05 -1.16702990e-06],[1. 1. 1.],0.26849005,1.032884828460438,[-0.15547703  0.08500285 -0.60132104  0.34679407 -0.15959959  0.17221096],[0. 0. 0.],560,AquaticAnimal,Triangle,[0.08150905 0.00208338 0.00527188],"[[ 0.05915008  0.99823891  0.00451179]
 [ 0.99664848 -0.05879879 -0.05687269]
 [ 0.05650725 -0.00786069  0.99837124]]",[0.08150905 0.00527188 0.00208338],"[[ 0.00104655 -0.99999321  0.00353333]
 [-0.05562151  0.00346965  0.9984459 ]
 [ 0.99845138  0.00124146  0.0556175 ]]"
56,../normshapes\AquaticAnimal\m70.obj,../shapes\AquaticAnimal\m70.obj,320,[0.00082277 0.02616018 0.00021965],[ 2.06875392e-06 -2.44453517e-05 -1.11312149e-05],[1. 1. 1.],0.2541708,1.0713414729522106,[-0.07276026  0.16847017 -0.558449    0.39297163 -0.21368945  0.2157046 ],[0. 0. 0.],560,AquaticAnimal,Triangle,[0.07628209 0.00165825 0.00479749],"[[ 0.01208059 -0.99992377 -0.00255252]
 [-0.99987489 -0.01205385 -0.01024295]
 [-0.0102114  -0.00267594  0.99994428]]",[0.07628209 0.00479749 0.00165825],"[[ 3.46294999e-04  9.99997497e-01 -2.21057301e-03]
 [ 9.87002580e-03  2.20704753e-03  9.99948854e-01]
 [-9.99951230e-01  3.68095700e-04  9.86923681e-03]]"
57,../normshapes\AquaticAnimal\m71.obj,../shapes\AquaticAnimal\m71.obj,420,[-8.95683382e-02  1.05101868e-02  9.12577203e-05],[ 2.69243958e-09  4.49559747e-09 -2.83124720e-09],[1. 1. 1.],0.2537854,1.0555864501608503,[-0.41949067  0.5305556  -0.2089224   0.13904282 -0.15041049  0.1505795 ],[0. 0. 0.],836,AquaticAnimal,Triangle,[0.07322106 0.0032074  0.00469284],"[[-1.00000000e+00 -2.63630722e-05  2.73868890e-10]
 [-9.73608349e-10  2.65424095e-05 -1.00000000e+00]
 [-2.63630722e-05  9.99999999e-01  2.65424095e-05]]",[0.0032074  0.07322106 0.00469284],"[[ 9.99999998e-01  5.99883638e-05  3.31966280e-05]
 [ 3.36238315e-05 -7.13552755e-03 -9.99974541e-01]
 [ 5.97499611e-05 -9.99974540e-01  7.13552955e-03]]"
58,../normshapes\AquaticAnimal\m72.obj,../shapes\AquaticAnimal\m72.obj,331,[-0.00206963  0.03001139  0.00055336],[ 2.37050747e-06 -6.83359132e-07 -1.32597722e-06],[1. 1. 1.],0.2557185,1.0719407132125895,[-0.07922368  0.15875459 -0.5381877   0.41394305 -0.2131609   0.21796586],[0. 0. 0.],590,AquaticAnimal,Triangle,[0.07777543 0.00190725 0.00433456],"[[ 0.02102678 -0.99977563 -0.00256374]
 [-0.99959559 -0.02097376 -0.019203  ]
 [-0.01914492 -0.00296648  0.99981232]]",[0.07777543 0.00433456 0.00190725],"[[ 3.50504491e-04  9.99997472e-01 -2.22110344e-03]
 [ 1.88060034e-02  2.21411920e-03  9.99820700e-01]
 [-9.99823090e-01  3.92211724e-04  1.88051798e-02]]"
59,../normshapes\AquaticAnimal\m73.obj,../shapes\AquaticAnimal\m73.obj,285,[-0.02169343  0.05890054  0.00015404],[-1.95362666e-10  1.60905675e-09 -6.55068295e-10],[1. 1. 1.],0.32917947,1.165221302647203,[-0.4526574   0.5003766  -0.28991756  0.2811685  -0.1742766   0.17690374],[0. 0. 0.],564,AquaticAnimal,Triangle,[0.10172233 0.0042793  0.01648472],"[[-9.99997466e-01 -2.25129485e-03 -8.49027917e-08]
 [-2.77961338e-08  5.00595711e-05 -9.99999999e-01]
 [-2.25129485e-03  9.99997465e-01  5.00595069e-05]]",[0.10172234 0.01648472 0.0042793 ],"[[ 9.99010901e-01 -4.44516650e-02 -1.12619007e-03]
 [-4.44516925e-02 -9.99011535e-01  6.18719132e-07]
 [ 1.12510437e-03 -4.94429474e-05  9.99999366e-01]]"
