,New Path,Orig Path,Vertices,CenterOfMass,Means,Scaling,AverageSize,DiagonalSize,Bounds,Position,Cells,Class,Type,Eigenvalue,Eigenvectors,Prev Eigenvalue,Prev Eigenvectors
0,../normshapes/AircraftBuoyant/m1337.obj,../shapes/AircraftBuoyant/m1337.obj,6653,[ 9.06995744e-11 -9.29170744e-11  1.86861038e-10],[ 9.06995744e-11 -9.29170744e-11  1.86861038e-10],[-1.06960106 -1.06960106 -1.06960106],0.46206254,1.6748832,[-0.47311163  0.58088547 -0.46044353  0.47090065 -0.4191145   0.4902382 ],[0. 0. 0.],13184,AircraftBuoyant,Triangle,[0.07805043 0.06822922 0.06855628],"[[-0.88745546 -0.40070653  0.22772148]
 [ 0.00685487  0.48255687  0.87583781]
 [ 0.4608425  -0.77882806  0.42550094]]",[0.10504595 0.04645249 0.04645206],"[[ 1.37932984e-03 -8.60879106e-01  5.08807688e-01]
 [-9.99998671e-01 -1.62945564e-03 -4.60612164e-05]
 [-8.68732693e-04  5.08806948e-01  8.60880209e-01]]"
1,../normshapes/AircraftBuoyant/m1349.obj,../shapes/AircraftBuoyant/m1349.obj,5316,[-1.21539698e-10  3.22750859e-11 -2.14132773e-11],[-1.21539698e-10  3.22750859e-11 -2.14132773e-11],[-1.48793113 -1.48793113 -1.48793113],0.36670125,1.551336,[-0.7411236   0.6791018  -0.24383283  0.25887644 -0.18519777  0.18478402],[0. 0. 0.],10408,AircraftBuoyant,Triangle,[0.13466994 0.00932993 0.01794384],"[[-9.99999991e-01 -1.36350594e-04 -2.65422331e-07]
 [-5.07839835e-07  5.67110029e-03 -9.99983919e-01]
 [-1.36349906e-04  9.99983910e-01  5.67110031e-03]]",[0.0509046  0.0106754  0.00553908],"[[-9.98584858e-01  5.31815923e-02 -1.52739690e-05]
 [ 5.31815657e-02  9.98584574e-01  7.54565085e-04]
 [-5.53813225e-05 -7.52684974e-04  9.99999715e-01]]"
2,../normshapes/AircraftBuoyant/m1344.obj,../shapes/AircraftBuoyant/m1344.obj,5588,[ 1.55112140e-11 -1.13783679e-10  2.04463784e-11],[ 1.55112140e-11 -1.13783679e-10  2.04463784e-11],[-1.28525507 -1.28525507 -1.28525507],0.436447,1.6873653,[-0.5036541   0.5957834  -0.41718674  0.41715813 -0.40421656  0.5665088 ],[0. 0. 0.],10866,AircraftBuoyant,Triangle,[0.12168406 0.04139939 0.04150159],"[[-7.85868395e-01 -4.85966366e-01 -3.82423269e-01]
 [-3.93217367e-04  6.18806409e-01 -7.85543426e-01]
 [-6.18393654e-01  6.17183376e-01  4.86491490e-01]]",[0.10835615 0.01093409 0.0108532 ],"[[ 1.01636165e-03 -9.99970331e-01  7.63572930e-03]
 [-9.99999434e-01 -1.01874660e-03 -3.08458435e-04]
 [-3.16228156e-04  7.63541147e-03  9.99970800e-01]]"
3,../normshapes/AircraftBuoyant/m1352.obj,../shapes/AircraftBuoyant/m1352.obj,8000,[-2.52400525e-10  1.19237257e-10 -7.79060656e-11],[-2.52400525e-10  1.19237257e-10 -7.79060656e-11],[1.43491459 1.43491459 1.43491459],0.37558386,1.5207442,[-0.6029645   0.7598434  -0.24187765  0.2663808  -0.24015659  0.20379232],[0. 0. 0.],15800,AircraftBuoyant,Triangle,[0.12797535 0.01181834 0.01896925],"[[ 9.99929354e-01 -8.56080469e-03  8.24613652e-03]
 [-8.24497470e-03  1.70997940e-04  9.99965995e-01]
 [ 8.56192365e-03  9.99963341e-01 -1.00402242e-04]]",[0.07047498 0.01012987 0.00495225],"[[ 0.99999658 -0.0023833  -0.00107235]
 [-0.00238531 -0.99999539 -0.00187921]
 [ 0.00106786 -0.00188176  0.99999766]]"
4,../normshapes/AircraftBuoyant/m1338.obj,../shapes/AircraftBuoyant/m1338.obj,7934,[ 2.65268906e-11 -9.07834822e-11 -5.64922707e-11],[ 2.65268906e-11 -9.07834822e-11 -5.64922707e-11],[0.99426383 0.99426383 0.99426383],0.43028125,1.5915784,[-0.39616817  0.5494477  -0.45323068  0.4544064  -0.45055225  0.45229167],[0. 0. 0.],15485,AircraftBuoyant,Triangle,[0.08816169 0.04931341 0.04901243],"[[-9.99952472e-01  9.74928384e-03  7.20180003e-05]
 [ 9.74952319e-03  9.99905186e-01  9.72451631e-03]
 [-2.27958978e-05 -9.72475627e-03  9.99952713e-01]]",[0.09733962 0.04685405 0.04683994],"[[ 1.08941512e-03 -9.99859261e-01  1.67413076e-02]
 [-9.99999204e-01 -1.09992129e-03 -6.18364268e-04]
 [-6.36691361e-04  1.67406207e-02  9.99859663e-01]]"
5,../normshapes/AircraftBuoyant/m1351.obj,../shapes/AircraftBuoyant/m1351.obj,8000,[-1.90921128e-11 -3.50448488e-11 -2.82938117e-12],[-1.90921128e-11 -3.50448488e-11 -2.82938117e-12],[1.3223052 1.3223052 1.3223052],0.25998947,1.3154085,[-0.35452843  0.90348434 -0.12086686  0.12151158 -0.09651567  0.20173946],[0. 0. 0.],14658,AircraftBuoyant,Triangle,[0.07915586 0.00670511 0.00363911],"[[-9.99999321e-01  1.16525226e-03 -9.58577876e-07]
 [ 1.16525255e-03  9.99998544e-01 -1.24629248e-03]
 [ 4.93668654e-07  1.24629275e-03  9.99999223e-01]]",[0.00428565 0.03588715 0.00167125],"[[ 1.00000000e+00 -2.52304108e-06 -2.72694628e-06]
 [ 2.55182995e-06 -6.69796966e-02  9.97754339e-01]
 [ 2.70002522e-06  9.97754339e-01  6.69796966e-02]]"
6,../normshapes/Apartment/D00953.obj,../shapes/Apartment/D00953.obj,8220,[-1.61876780e-11  1.10632617e-10  3.04073289e-11],[-1.61876780e-11  1.10632617e-10  3.04073289e-11],[-0.63546038 -0.63546038 -0.63546038],0.3041442,1.6593772,[-0.39946857  0.3752848  -0.5152393   0.46641007 -0.6059521   0.4847607 ],[0. 0. 0.],14293,Apartment,Triangle,[0.01981382 0.03738555 0.04211074],"[[ 0.87361308  0.40184307  0.27444914]
 [ 0.27736404  0.05221575 -0.95934493]
 [ 0.39983668 -0.91421861  0.06584045]]",[0.03380305 0.105283   0.08755189],"[[-0.24319934  0.9465329  -0.21196592]
 [-0.07441019  0.19967721  0.97703231]
 [-0.96711799 -0.25338603 -0.02187032]]"
7,../normshapes/Apartment/D00366.obj,../shapes/Apartment/D00366.obj,8000,[-1.21959602e-10  2.26019438e-10 -5.06142896e-11],[-1.21959602e-10  2.26019438e-10 -5.06142896e-11],[-0.71835303 -0.71835303 -0.71835303],0.45624557,1.5827161,[-0.5695595   0.5809343  -0.39640772  0.4304405  -0.34678414  0.3586773 ],[0. 0. 0.],15904,Apartment,Triangle,[0.11709536 0.06414115 0.03864367],"[[ 9.98612090e-01  4.66493926e-02  2.44484866e-02]
 [ 4.66209348e-02 -9.98911150e-01  1.73300219e-03]
 [-2.45027093e-02  5.90785641e-04  9.99699589e-01]]",[0.20970553 0.1047377  0.08072606],"[[ 0.99661581  0.07339569  0.03701341]
 [ 0.08181126 -0.92941841 -0.35984488]
 [-0.00798988 -0.36165521  0.93227768]]"
8,../normshapes/Apartment/D00639.obj,../shapes/Apartment/D00639.obj,14217,[3.43705449e-11 3.15992633e-11 1.01420910e-10],[3.43705449e-11 3.15992633e-11 1.01420910e-10],[-0.64594752 -0.64594752 -0.64594752],0.35242388,1.5285143,[-0.59892523  0.53614026 -0.3534238   0.4010748  -0.37024343  0.32164818],[0. 0. 0.],26770,Apartment,Triangle,[0.08194642 0.03267567 0.02055758],"[[ 0.96272023  0.20731895  0.1737487 ]
 [ 0.20271313 -0.97824703  0.04404704]
 [-0.17910094  0.00718384  0.98380448]]",[0.19643149 0.05736936 0.08108464],"[[ 0.98329075  0.18155036  0.01337046]
 [ 0.03728557 -0.12896214 -0.99094831]
 [ 0.17818274 -0.97488883  0.13357649]]"
9,../normshapes/Apartment/D00626.obj,../shapes/Apartment/D00626.obj,7942,[3.91871974e-10 7.11325174e-11 1.36247849e-11],[3.91871974e-10 7.11325174e-11 1.36247849e-11],[-0.79207641 -0.79207641 -0.79207641],0.51632696,1.6645713,[-0.6822504   0.73727196 -0.27901807  0.3177496  -0.16743566  0.4647216 ],[0. 0. 0.],4997,Apartment,Triangle,[0.21826917 0.0243012  0.04967822],"[[ 9.99007300e-01  4.29776126e-02  1.17192200e-02]
 [ 1.17400837e-02 -2.33081083e-04 -9.99931056e-01]
 [ 4.29719181e-02 -9.99076008e-01  7.37410474e-04]]",[0.25056353 0.06264458 0.0446895 ],"[[ 9.99660294e-01 -2.60456588e-02  9.59735326e-04]
 [-2.55284030e-02 -9.85901061e-01 -1.65370488e-01]
 [-5.25338739e-03 -1.65289810e-01  9.86231048e-01]]"
10,../normshapes/AquaticAnimal/m68.obj,../shapes/AquaticAnimal/m68.obj,7266,[ 2.30587574e-10  1.77593047e-11 -8.98166699e-12],[ 2.30587574e-10  1.77593047e-11 -8.98166699e-12],[-1.67501891 -1.67501891 -1.67501891],0.30928555,1.6697663,[-0.79388165  0.7979471  -0.21835835  0.20611833 -0.13623305  0.1358328 ],[0. 0. 0.],14524,AquaticAnimal,Triangle,[0.11567221 0.00340053 0.00709273],"[[ 9.99992857e-01  2.66282930e-03 -2.68244880e-03]
 [ 2.68243167e-03  1.00038628e-05  9.99996402e-01]
 [-2.66284655e-03  9.99996455e-01 -2.86093373e-06]]",[0.04762117 0.00347412 0.00129308],"[[ 0.9997534  -0.02195357  0.00334242]
 [-0.02192962 -0.99973471 -0.00704316]
 [-0.00349616 -0.00696812  0.99996961]]"
11,../normshapes/AquaticAnimal/m78.obj,../shapes/AquaticAnimal/m78.obj,6553,[ 2.54768994e-10  1.06668892e-11 -2.01587773e-11],[ 2.54768994e-10  1.06668892e-11 -2.01587773e-11],[1.45443451 1.45443451 1.45443451],0.3724938,1.6692632,[-0.6820165   0.76223785 -0.25502005  0.31798354 -0.22854078  0.38157046],[0. 0. 0.],12915,AquaticAnimal,Triangle,[0.15281328 0.00766836 0.00996402],"[[ 0.98912901 -0.14493438 -0.02485607]
 [-0.14552772 -0.94054043 -0.30692896]
 [-0.02110642 -0.30720959  0.95140779]]",[0.08649475 0.003446   0.00276548],"[[ 0.98575399  0.16155318  0.04679359]
 [ 0.06926358 -0.64344234  0.76235458]
 [-0.15326978  0.74825298  0.64546561]]"
12,../normshapes/AquaticAnimal/m66.obj,../shapes/AquaticAnimal/m66.obj,8000,[ 2.56009116e-11  6.55688837e-11 -4.68251073e-11],[ 2.56009116e-11  6.55688837e-11 -4.68251073e-11],[1.38052189 1.38052189 1.38052189],0.35491505,1.5694616,[-0.33714548  0.3809529  -0.22987366  0.3315672  -0.5074998   0.77012634],[0. 0. 0.],15951,AquaticAnimal,Triangle,[0.11857273 0.01277479 0.01176608],"[[ 0.23686723  0.97096598  0.03345127]
 [ 0.24578248 -0.09319868  0.96483417]
 [-0.93993877  0.22031586  0.26072213]]",[0.07709994 0.0065652  0.00514867],"[[ 0.03901673  0.99381542 -0.10396448]
 [ 0.21249645  0.09341167  0.97268675]
 [-0.97638259  0.06004314  0.20753763]]"
13,../normshapes/AquaticAnimal/m81.obj,../shapes/AquaticAnimal/m81.obj,5755,[ 7.82486256e-11  4.96996580e-11 -8.62874209e-13],[ 7.82486256e-11  4.96996580e-11 -8.62874209e-13],[1.59423375 1.59423375 1.59423375],0.32841152,1.6699095,[-0.16988845  0.3148091  -0.6825385   0.79059136 -0.3018562   0.31746152],[0. 0. 0.],11515,AquaticAnimal,Triangle,[0.12988996 0.00548567 0.00590288],"[[ 0.19569274  0.97282064 -0.12379155]
 [ 0.978155   -0.18460421  0.09557238]
 [-0.07012234  0.13979014  0.98769508]]",[0.07368098 0.00180578 0.00230432],"[[ 8.28422658e-04  9.99137378e-01  4.15188294e-02]
 [ 8.46584907e-02 -4.14398646e-02  9.95547928e-01]
 [-9.96409682e-01 -2.69018697e-03  8.46197922e-02]]"
14,../normshapes/AquaticAnimal/m57.obj,../shapes/AquaticAnimal/m57.obj,7999,[ 3.53121352e-11 -1.11950054e-11  2.05062118e-10],[ 3.53121352e-11 -1.11950054e-11  2.05062118e-10],[1.48163557 1.48163557 1.48163557],0.33910155,1.5171001,[-0.2604955   0.27967247 -0.08514418  0.09084745 -0.49185598  0.91485584],[0. 0. 0.],15223,AquaticAnimal,Triangle,[0.1288737  0.01125713 0.00151587],"[[ 0.04782114 -0.99884593  0.00446701]
 [-0.05338459  0.00190993  0.9985722 ]
 [ 0.99742831  0.04799133  0.05323164]]",[0.00068347 0.05013035 0.00591201],"[[-9.99998930e-01 -1.84669139e-04  1.45138392e-03]
 [-1.43903029e-03 -5.49999465e-02 -9.98485320e-01]
 [-2.64215463e-04  9.98486340e-01 -5.49996219e-02]]"
15,../normshapes/AquaticAnimal/m56.obj,../shapes/AquaticAnimal/m56.obj,5814,[-2.60722440e-10 -1.26118867e-11  8.93340670e-12],[-2.60722440e-10 -1.26118867e-11  8.93340670e-12],[-1.31191707 -1.31191707 -1.31191707],0.27753603,1.3413162,[-0.34333098  0.9060603  -0.19644605  0.25353834 -0.09393974  0.09491163],[0. 0. 0.],10893,AquaticAnimal,Triangle,[0.0926813  0.00580814 0.00158951],"[[ 9.99504136e-01 -3.14875309e-02 -1.35061188e-04]
 [-3.14875305e-02 -9.99504145e-01  5.07481578e-06]
 [ 1.35154010e-04  8.19556083e-07  9.99999991e-01]]",[0.00092353 0.00337462 0.05384921],"[[ 9.99963163e-01  8.58243737e-03  1.19653977e-04]
 [ 8.57948928e-03 -9.99839207e-01  1.57465206e-02]
 [-2.54778265e-04  1.57449140e-02  9.99876009e-01]]"
16,../normshapes/Bed/D00735.obj,../shapes/Bed/D00735.obj,8000,[9.10004019e-11 3.89536581e-11 9.50939238e-11],[9.10004019e-11 3.89536581e-11 9.50939238e-11],[-0.74523449 -0.74523449 -0.74523449],0.50752795,1.5763555,[-0.5873199   0.61404103 -0.4027348   0.41268006 -0.27548897  0.33829212],[0. 0. 0.],15356,Bed,Triangle,[0.19642295 0.00954931 0.07149067],"[[ 0.99146993  0.13016363  0.00669455]
 [ 0.00489081  0.01417217 -0.99988761]
 [ 0.13024388 -0.99139123 -0.01341467]]",[0.22168637 0.11605561 0.01230235],"[[ 0.97562333 -0.21766996 -0.02790903]
 [-0.21428134 -0.97234514  0.09288932]
 [ 0.04735643  0.0846446   0.99528522]]"
17,../normshapes/Bed/D00545.obj,../shapes/Bed/D00545.obj,7999,[-7.04613368e-11 -6.56455288e-11 -6.08264235e-11],[-7.04613368e-11 -6.56455288e-11 -6.08264235e-11],[-0.76242828 -0.76242828 -0.76242828],0.49756324,1.5650169,[-0.5469819   0.67610043 -0.3770552   0.3883249  -0.3238995   0.28235197],[0. 0. 0.],16017,Bed,Triangle,[0.20016067 0.01157524 0.059573  ],"[[ 9.96866364e-01 -7.91018079e-02 -5.97148343e-04]
 [ 1.02317740e-04 -6.25952226e-03  9.99980404e-01]
 [ 7.91039956e-02  9.96846890e-01  6.23181367e-03]]",[0.43633328 0.02791612 0.22098208],"[[ 0.99846683  0.05427608  0.01086679]
 [ 0.01065294  0.00422776 -0.99993432]
 [ 0.05431846 -0.99851702 -0.00364308]]"
18,../normshapes/Bed/D00650.obj,../shapes/Bed/D00650.obj,7880,[3.39259991e-10 1.39702080e-12 1.47636497e-11],[3.39259991e-10 1.39702080e-12 1.47636497e-11],[-0.78663015 -0.78663015 -0.78663015],0.6025052,1.6051488,[-0.6493046   0.68637806 -0.35814285  0.35069534 -0.26876336  0.2697558 ],[0. 0. 0.],16920,Bed,Triangle,[0.31172903 0.01484988 0.06685131],"[[ 9.99982026e-01  4.15301718e-03 -4.32446466e-03]
 [ 4.32386197e-03  1.54089303e-04  9.99990640e-01]
 [-4.15364466e-03  9.99991364e-01 -1.36129461e-04]]",[0.62941292 0.0385588  0.15056232],"[[ 0.99865753 -0.04586831 -0.02406747]
 [-0.02542425 -0.02922961 -0.99924934]
 [-0.0451304  -0.99851977  0.03035653]]"
19,../normshapes/Bed/D00307.obj,../shapes/Bed/D00307.obj,7997,[-1.29058401e-10 -2.21269814e-11 -4.72044468e-11],[-1.29058401e-10 -2.21269814e-11 -4.72044468e-11],[-0.75588447 -0.75588447 -0.75588447],0.5067972,1.6049556,[-0.45698383  0.6925419  -0.48481643  0.54301614 -0.18225607  0.2627532 ],[0. 0. 0.],15757,Bed,Triangle,[0.00704681 0.14573618 0.12406576],"[[ 4.06202433e-02  9.99174633e-01  2.18380350e-04]
 [ 1.07359111e-02 -6.55003658e-04  9.99942154e-01]
 [-9.99116978e-01  4.06155491e-02  1.07536565e-02]]",[0.010595   0.22648868 0.24233274],"[[-0.03385267 -0.99648686 -0.0766024 ]
 [-0.03944899 -0.07525431  0.99638374]
 [ 0.99864797 -0.03675214  0.03676284]]"
20,../normshapes/Bed/D00184.obj,../shapes/Bed/D00184.obj,7218,[-6.30945884e-11 -5.10546829e-11 -8.60227255e-12],[-6.30945884e-11 -5.10546829e-11 -8.60227255e-12],[-0.78813952 -0.78813952 -0.78813952],0.49980783,1.6166717,[-0.48609608  0.616591   -0.47997642  0.4631368  -0.38340902  0.3295046 ],[0. 0. 0.],14204,Bed,Triangle,[0.01954244 0.15744887 0.10332345],"[[-0.20700138 -0.9783339  -0.00363451]
 [-0.03634517  0.01140242 -0.99927424]
 [-0.97766531  0.20671905  0.03791803]]",[0.25347395 0.16633847 0.03146101],"[[ 0.93221841 -0.35015781 -0.09142396]
 [-0.34259695 -0.93527585  0.08880554]
 [ 0.11660257  0.05146459  0.99184436]]"
21,../normshapes/Bed/D00839.obj,../shapes/Bed/D00839.obj,7999,[-7.82408764e-11 -8.45571971e-11  6.84423473e-12],[-7.82408764e-11 -8.45571971e-11  6.84423473e-12],[0.81880611 0.81880611 0.81880611],0.62693125,1.637595,[-0.5229521   0.70223475 -0.48576465  0.47704795 -0.15128168  0.35233194],[0. 0. 0.],15931,Bed,Triangle,[0.29740693 0.00791518 0.10224651],"[[ 0.99870802 -0.05077541 -0.00203602]
 [-0.00176371  0.00540717 -0.99998383]
 [-0.05078559 -0.99869546 -0.00531063]]",[0.47163259 0.15703885 0.01431196],"[[ 0.97738133 -0.20774634 -0.03958793]
 [-0.21012691 -0.97511799 -0.0706511 ]
 [ 0.0239254  -0.07737155  0.99671521]]"
22,../normshapes/Bicycle/D00567.obj,../shapes/Bicycle/D00567.obj,7994,[ 3.82893401e-11 -6.49957635e-12  6.67569566e-12],[ 3.82893401e-11 -6.49957635e-12  6.67569566e-12],[-0.63870096 -0.63870096 -0.63870096],0.32887807,1.4699401,[-0.60209346  0.6206198  -0.33682272  0.39790654 -0.17790905  0.1768707 ],[0. 0. 0.],16032,Bicycle,Triangle,[0.09748381 0.00070556 0.02883268],"[[-9.99991017e-01 -4.23811280e-03 -5.80691596e-05]
 [-5.77198533e-05 -8.25424943e-05  9.99999995e-01]
 [ 4.23811758e-03 -9.99991016e-01 -8.22971297e-05]]",[0.26631357 0.08668334 0.00448216],"[[ 0.99948225 -0.03215385 -0.00116393]
 [-0.03209827 -0.99894431  0.0328627 ]
 [ 0.00221937  0.03280832  0.9994592 ]]"
23,../normshapes/Bicycle/m1476.obj,../shapes/Bicycle/m1476.obj,7994,[-1.37491388e-10 -5.60450796e-11  1.52997966e-12],[-1.37491388e-10 -5.60450796e-11  1.52997966e-12],[1.32857418 1.32857418 1.32857418],0.34392604,1.5121475,[-0.59006536  0.6741896  -0.33504587  0.40993464 -0.18150872  0.18353055],[0. 0. 0.],16032,Bicycle,Triangle,[0.1117934  0.02803237 0.00071336],"[[ 0.99455047  0.10380274 -0.0097136 ]
 [ 0.10384322 -0.99458658  0.00375885]
 [ 0.00927084  0.00474706  0.99994576]]",[0.00109771 0.02122927 0.0652218 ],"[[-0.99989768  0.01420754 -0.00166557]
 [ 0.01393672  0.99378499  0.1104408 ]
 [-0.00322431 -0.11040628  0.99388131]]"
24,../normshapes/Bicycle/D00016.obj,../shapes/Bicycle/D00016.obj,8000,[ 1.17866875e-10  6.62024604e-11 -3.11303552e-11],[ 1.17866875e-10  6.62024604e-11 -3.11303552e-11],[0.61137205 0.61137205 0.61137205],0.36829266,1.4042437,[-0.5720618   0.5714752  -0.3517711   0.42793816 -0.10989828  0.12732959],[0. 0. 0.],15511,Bicycle,Triangle,[0.11455846 0.00067091 0.03344114],"[[-9.99998281e-01  1.85437218e-03 -7.39375754e-07]
 [ 7.08137477e-07 -1.68463997e-05 -1.00000000e+00]
 [ 1.85437219e-03  9.99998281e-01 -1.68450576e-05]]",[0.32018279 0.08086464 0.00236648],"[[ 0.99976301 -0.02067455  0.00681844]
 [-0.02064141 -0.99977496 -0.00489533]
 [-0.00691812 -0.00475342  0.99996477]]"
25,../normshapes/Bicycle/D00621.obj,../shapes/Bicycle/D00621.obj,8000,[-8.58417479e-11  3.26144800e-12  1.13288650e-11],[-8.58417479e-11  3.26144800e-12  1.13288650e-11],[-0.60559285 -0.60559285 -0.60559285],0.37013662,1.3844678,[-0.56549525  0.570948   -0.3206085   0.43450478 -0.10899271  0.1256384 ],[0. 0. 0.],15511,Bicycle,Triangle,[0.11638778 0.00067675 0.03282077],"[[-9.99990898e-01 -4.26665367e-03 -8.12606111e-07]
 [-5.80748196e-07 -5.43431030e-05  9.99999999e-01]
 [ 4.26665371e-03 -9.99990896e-01 -5.43401305e-05]]",[0.32018483 0.00236649 0.08086515],"[[ 0.99994681  0.00646067 -0.00804009]
 [ 0.00801372  0.00409822  0.99995949]
 [-0.00649336  0.99997073 -0.00404623]]"
26,../normshapes/Bicycle/D00077.obj,../shapes/Bicycle/D00077.obj,7998,[1.08178698e-10 8.28361133e-11 1.56165460e-11],[1.08178698e-10 8.28361133e-11 1.56165460e-11],[0.63927209 0.63927209 0.63927209],0.32899374,1.5069078,[-0.5451322   0.6554197  -0.35472578  0.4548678  -0.20041768  0.21672066],[0. 0. 0.],15763,Bicycle,Triangle,[0.09903856 0.00155348 0.03240287],"[[ 9.99780718e-01 -2.09330903e-02  5.67528037e-04]
 [-5.37638977e-04  1.43343813e-03  9.99998828e-01]
 [ 2.09338793e-02  9.99779851e-01 -1.42186935e-03]]",[0.21861307 0.06218885 0.0043226 ],"[[ 9.78409341e-01  2.06345155e-01 -1.16978063e-02]
 [ 2.06674769e-01 -9.76603464e-01  5.94240214e-02]
 [-8.37740802e-04  6.05586590e-02  9.98164289e-01]]"
27,../normshapes/Bicycle/D00558.obj,../shapes/Bicycle/D00558.obj,8000,[ 1.71901775e-10  5.38457243e-11 -1.29838327e-11],[ 1.71901775e-10  5.38457243e-11 -1.29838327e-11],[0.65006584 0.65006584 0.65006584],0.3573766,1.502861,[-0.6486306   0.6216152  -0.37709388  0.3513694  -0.16481635  0.17342624],[0. 0. 0.],15137,Bicycle,Triangle,[0.1140599  0.00184854 0.03081396],"[[ 9.99989250e-01  3.26672149e-03  3.29072936e-03]
 [ 3.29065977e-03  2.66787805e-05 -9.99994585e-01]
 [ 3.26679160e-03 -9.99994664e-01 -1.59288248e-05]]",[0.24064428 0.07029956 0.00533454],"[[ 0.99789093 -0.0645139   0.00718698]
 [-0.06446607 -0.99789741 -0.00669916]
 [-0.00760406 -0.00622171  0.99995173]]"
28,../normshapes/Biplane/m1137.obj,../shapes/Biplane/m1137.obj,5705,[5.27197651e-11 5.88431115e-11 1.80821257e-11],[5.27197651e-11 5.88431115e-11 1.80821257e-11],[-1.29962826 -1.29962826 -1.29962826],0.29993543,1.379241,[-0.61825323  0.6175554  -0.18717404  0.3817468  -0.11719149  0.10955068],[0. 0. 0.],11104,Biplane,Triangle,[0.10530185 0.00632369 0.00245241],"[[-9.99951174e-01 -9.88135357e-03 -9.41798732e-05]
 [-9.88180177e-03  9.99902353e-01  9.88104054e-03]
 [ 3.46737833e-06 -9.88148875e-03  9.99951177e-01]]",[0.01470252 0.00099032 0.03803275],"[[ 9.99583567e-01  2.86018487e-02 -3.82454293e-03]
 [-3.82420265e-03 -6.65981746e-05 -9.99992685e-01]
 [ 2.86018942e-02 -9.99590881e-01 -4.28088246e-05]]"
29,../normshapes/Biplane/D00666.obj,../shapes/Biplane/D00666.obj,7999,[-1.50938599e-10 -1.91947839e-11  1.26752794e-11],[-1.50938599e-10 -1.91947839e-11  1.26752794e-11],[0.50371784 0.50371784 0.50371784],0.26799834,1.386458,[-0.4884345   0.48540643 -0.4505158   0.51156545 -0.11968843  0.10008293],[0. 0. 0.],15795,Biplane,Triangle,[0.05357687 0.02723001 0.00389656],"[[ 9.96801890e-01  7.97322457e-02  5.36287176e-03]
 [ 7.99078773e-02 -9.93784620e-01 -7.75039411e-02]
 [ 8.50023798e-04 -7.76846107e-02  9.96977622e-01]]",[0.24150037 0.01002666 0.08697635],"[[ 0.99960129  0.02397315  0.01491791]
 [ 0.01537075 -0.01881727 -0.99970478]
 [ 0.02368536 -0.99953549  0.01917825]]"
30,../normshapes/Biplane/D00069.obj,../shapes/Biplane/D00069.obj,8000,[ 3.53684300e-11 -4.16989678e-11 -3.27945600e-11],[ 3.53684300e-11 -4.16989678e-11 -3.27945600e-11],[-0.68126583 -0.68126583 -0.68126583],0.29784667,1.5346594,[-0.6754966   0.66588223 -0.36655322  0.32450342 -0.12288595  0.15697613],[0. 0. 0.],15701,Biplane,Triangle,[0.06946754 0.00836824 0.02689181],"[[ 9.99953875e-01  6.55636442e-03  7.01867591e-03]
 [ 7.01797316e-03  1.30186074e-04 -9.99975365e-01]
 [ 6.55711664e-03 -9.99978498e-01 -8.41676795e-05]]",[0.11319739 0.01443571 0.08909413],"[[ 0.99994821 -0.01009863  0.00126393]
 [-0.00101789  0.0243319   0.99970342]
 [ 0.01012639  0.99965293 -0.02432036]]"
31,../normshapes/Biplane/m1129.obj,../shapes/Biplane/m1129.obj,8000,[1.07388587e-11 1.41890268e-11 7.94250354e-12],[1.07388587e-11 1.41890268e-11 7.94250354e-12],[-1.07776189 -1.07776189 -1.07776189],0.25176936,1.298935,[-0.517754    0.5062114  -0.24501486  0.482246   -0.13973913  0.19165018],[0. 0. 0.],15502,Biplane,Triangle,[0.00474508 0.04089512 0.03355449],"[[-1.57813488e-02 -9.99743119e-01  1.62679094e-02]
 [-3.46360807e-05  1.62704821e-02  9.99867626e-01]
 [ 9.99875466e-01 -1.57786963e-02  2.91397338e-04]]",[0.00426949 0.02613779 0.02873482],"[[-0.00617488  0.9999211  -0.01093921]
 [ 0.99567772  0.00513417 -0.09273362]
 [ 0.09267014  0.01146455  0.99563086]]"
32,../normshapes/Biplane/D00490.obj,../shapes/Biplane/D00490.obj,8000,[6.99964176e-11 1.64605808e-10 2.53794674e-12],[6.99964176e-11 1.64605808e-10 2.53794674e-12],[-0.5440886 -0.5440886 -0.5440886],0.23104522,1.313932,[-0.526199    0.53884286 -0.24871047  0.47380108 -0.11162674  0.15310015],[0. 0. 0.],14088,Biplane,Triangle,[0.03767908 0.00328336 0.02694216],"[[-9.99290624e-01  3.76593888e-02  1.37790401e-04]
 [ 1.24147870e-04  6.95303031e-03 -9.99975820e-01]
 [ 3.76594362e-02  9.99266444e-01  6.95277333e-03]]",[0.14301776 0.08599932 0.0108647 ],"[[ 0.38438299  0.92311905 -0.01004698]
 [ 0.92280847 -0.38390205  0.03230692]
 [-0.02596607  0.02168967  0.9994275 ]]"
33,../normshapes/Biplane/D00515.obj,../shapes/Biplane/D00515.obj,5381,[ 1.98002667e-10 -4.56141763e-13  7.02557191e-11],[ 1.98002667e-10 -4.56141763e-13  7.02557191e-11],[0.56810892 0.56810892 0.56810892],0.29592222,1.5172149,[-0.43991533  0.5381654  -0.5538141   0.5600847  -0.15431514  0.16899389],[0. 0. 0.],10522,Biplane,Triangle,[0.06685084 0.00799505 0.03455463],"[[-9.99042750e-01  4.37438830e-02 -2.39381006e-04]
 [ 2.37701318e-04  1.09007368e-02  9.99940557e-01]
 [-4.37438922e-02 -9.98983306e-01  1.09007000e-02]]",[0.20713031 0.1070639  0.02477182],"[[ 0.8828266   0.46918885  0.02188652]
 [ 0.46918969 -0.8830808   0.00541559]
 [-0.02186849 -0.0054879   0.99974579]]"
34,../normshapes/Bird/D00323.obj,../shapes/Bird/D00323.obj,7355,[-2.99453140e-11 -3.29251921e-11  3.52606953e-13],[-2.99453140e-11 -3.29251921e-11  3.52606953e-13],[-0.82672691 -0.82672691 -0.82672691],0.3034695,1.6925198,[-0.8167964   0.8171168  -0.24865918  0.18320356 -0.05503688  0.03686265],[0. 0. 0.],14538,Bird,Triangle,[0.13326333 0.0002192  0.00613567],"[[ 9.99623956e-01  2.74111205e-02 -7.59540316e-04]
 [ 7.74028938e-04 -5.17960678e-04  9.99999566e-01]
 [-2.74107152e-02  9.99624110e-01  5.38982902e-04]]",[0.25049886 0.02064265 0.00048966],"[[ 0.99915184 -0.03824538  0.01526062]
 [-0.03841311 -0.999203    0.01085358]
 [-0.01483336  0.01143058  0.99982464]]"
35,../normshapes/Bird/m48.obj,../shapes/Bird/m48.obj,7920,[3.70917662e-11 2.57129770e-11 4.21922860e-11],[3.70917662e-11 2.57129770e-11 4.21922860e-11],[-1.45165884 -1.45165884 -1.45165884],0.38810176,1.6460755,[-0.25655678  0.39259058 -0.6003217   0.7434432  -0.3470658   0.34753352],[0. 0. 0.],15722,Bird,Triangle,[0.11509555 0.0176787  0.03221421],"[[ 0.24176181 -0.96928419 -0.04515955]
 [-0.94350952 -0.22395558 -0.24420009]
 [-0.22658555 -0.10164672  0.96867277]]",[0.07255271 0.00892443 0.00884604],"[[ 0.01654237 -0.98359243 -0.17964487]
 [-0.31964243  0.16503872 -0.93305463]
 [-0.94739383 -0.07285706  0.31166774]]"
36,../normshapes/Bird/D00762.obj,../shapes/Bird/D00762.obj,5927,[ 9.96537350e-11 -6.74753920e-11 -2.73758941e-11],[ 9.96537350e-11 -6.74753920e-11 -2.73758941e-11],[0.58674508 0.58674508 0.58674508],0.26489294,1.475704,[-0.51056     0.546978   -0.4459153   0.48943993 -0.18858247  0.24086612],[0. 0. 0.],11850,Bird,Triangle,[0.04875558 0.00823029 0.02691232],"[[ 0.99454359 -0.10414795 -0.00602173]
 [-0.00532163  0.00699879 -0.99996135]
 [-0.10418607 -0.99453719 -0.00640637]]",[0.02770784 0.08365604 0.09098707],"[[-0.07431567  0.99041142 -0.11645774]
 [ 0.22764026  0.13054544  0.96495482]
 [-0.9709053  -0.04520079  0.23515908]]"
37,../normshapes/Bird/D00438.obj,../shapes/Bird/D00438.obj,5048,[ 1.04119487e-10 -6.67851617e-11 -1.99566343e-11],[ 1.04119487e-10 -6.67851617e-11 -1.99566343e-11],[-0.66023064 -0.66023064 -0.66023064],0.28608018,1.4463323,[-0.65080464  0.65206105 -0.25327745  0.34919542 -0.05772127  0.11960465],[0. 0. 0.],10169,Bird,Triangle,[0.08822833 0.0013618  0.01381752],"[[ 9.99957200e-01  9.25043869e-03  1.67609086e-04]
 [ 1.67013974e-04  6.51058274e-05 -9.99999984e-01]
 [ 9.25044945e-03 -9.99957212e-01 -6.35580883e-05]]",[0.18864996 0.02683594 0.00394234],"[[ 0.99989955 -0.01393343 -0.00259926]
 [-0.0136196  -0.99528774  0.09600426]
 [ 0.00392468  0.09595922  0.99537753]]"
38,../normshapes/Bird/D00271.obj,../shapes/Bird/D00271.obj,7998,[-6.45857228e-12  9.06693895e-11  9.79378419e-12],[-6.45857228e-12  9.06693895e-11  9.79378419e-12],[-0.63273859 -0.63273859 -0.63273859],0.2958284,1.4905882,[-0.5921097   0.6162677  -0.42073488  0.40789032 -0.1152079   0.15875877],[0. 0. 0.],15463,Bird,Triangle,[0.05499634 0.0042534  0.04277773],"[[-9.97478076e-01 -7.09732605e-02  5.32167336e-04]
 [ 5.87954325e-05  6.67164413e-03  9.99977743e-01]
 [ 7.09752313e-02 -9.97455907e-01  6.65064585e-03]]",[0.09655686 0.15221999 0.01063064],"[[-0.99795938  0.0552467  -0.03201379]
 [ 0.05396276  0.99775461  0.0396707 ]
 [-0.03413358 -0.03786219  0.99869983]]"
39,../normshapes/Bird/m45.obj,../shapes/Bird/m45.obj,8000,[ 8.98227484e-11 -3.32926220e-11  6.82302925e-12],[ 8.98227484e-11 -3.32926220e-11  6.82302925e-12],[-1.48276722 -1.48276722 -1.48276722],0.24680966,1.5933378,[-0.7022026   0.7064166  -0.20000388  0.29779735 -0.26019433  0.29362088],[0. 0. 0.],15988,Bird,Triangle,[0.04455617 0.00907599 0.02641371],"[[ 9.99993798e-01 -3.17249233e-03  1.52945984e-03]
 [-3.50821893e-03 -9.35547537e-01  3.53183377e-01]
 [-3.10410831e-04  3.53186552e-01  9.35552865e-01]]",[0.01117531 0.01413875 0.00340641],"[[-9.99998974e-01 -1.40618423e-03 -2.73444560e-04]
 [-9.77357651e-04  5.30160955e-01  8.47896460e-01]
 [ 1.04732900e-03 -8.47895857e-01  5.30161786e-01]]"
40,../normshapes/Bookset/D01110.obj,../shapes/Bookset/D01110.obj,9918,[-1.22091273e-11  3.01533532e-11 -3.60350595e-11],[-1.22091273e-11  3.01533532e-11 -3.60350595e-11],[1.87999523 1.87999523 1.87999523],0.25943545,1.3355361,[-0.36385062  0.3640286  -0.27062148  0.63614947 -0.4029878   0.25398636],[0. 0. 0.],50518,Bookset,Triangle,[0.03416935 0.02349974 0.01923621],"[[ 0.91590611  0.39314487  0.08095125]
 [ 0.34390698 -0.87260894  0.34681641]
 [-0.20698788  0.28981157  0.93443313]]",[0.00622726 0.01892663 0.01697135],"[[-0.98284514  0.18305709  0.02248412]
 [ 0.04688049  0.13005807  0.99039745]
 [-0.17837504 -0.97446139  0.13640875]]"
41,../normshapes/Bookset/D01184.obj,../shapes/Bookset/D01184.obj,7999,[-7.24832826e-11  7.85646970e-11  1.51051391e-10],[-7.24832826e-11  7.85646970e-11  1.51051391e-10],[3.00312686 3.00312686 3.00312686],0.35237083,1.56054,[-0.49236178  0.5718246  -0.47903     0.4311549  -0.1677651   0.52097   ],[0. 0. 0.],40681,Bookset,Triangle,[0.06563946 0.04031162 0.03367201],"[[ 0.9526896  -0.30273547  0.02708809]
 [-0.30280716 -0.95305065 -0.00151372]
 [-0.02627458  0.00676036  0.9996319 ]]",[0.00390401 0.00454959 0.02415837],"[[-0.88156937 -0.47187308  0.01308587]
 [-0.47201927  0.88150346 -0.01222573]
 [ 0.00576625  0.01695461  0.99983963]]"
42,../normshapes/Bookset/D01135.obj,../shapes/Bookset/D01135.obj,22159,[ 4.02783144e-11 -3.95537231e-11  4.48931412e-11],[ 4.02783144e-11 -3.95537231e-11  4.48931412e-11],[0.11898281 0.11898281 0.11898281],0.384019,1.4152603,[-0.6952692   0.5248438  -0.30087382  0.30473074 -0.1423533   0.241742  ],[0. 0. 0.],70555,Bookset,Triangle,[0.12232478 0.03197088 0.01527671],"[[-9.99991054e-01 -4.22981118e-03  2.02458776e-05]
 [-4.22981949e-03  9.99990962e-01 -4.29785778e-04]
 [ 1.84277819e-05  4.29867569e-04  9.99999907e-01]]",[1.54731643 9.14428865 6.2321356 ],"[[-0.17582817 -0.98412026  0.02432614]
 [-0.98441857  0.17572058 -0.00650847]
 [-0.00213051  0.02509148  0.99968289]]"
43,../normshapes/Bottle/D00959.obj,../shapes/Bottle/D00959.obj,8000,[-9.15819101e-11 -2.46378704e-11  4.34148895e-11],[-9.15819101e-11 -2.46378704e-11  4.34148895e-11],[-0.81744552 -0.81744552 -0.81744552],0.35393146,1.3019081,[-0.37843567  0.84535867 -0.15263401  0.16155557 -0.15464133  0.1593288 ],[0. 0. 0.],15910,Bottle,Triangle,[0.1448402  0.00700317 0.00662073],"[[ 9.99987580e-01 -4.97595775e-03  2.81609486e-04]
 [-4.97598346e-03 -9.99987616e-01  9.06583483e-05]
 [-2.81154887e-04  9.20585065e-05  9.99999956e-01]]",[0.36646532 0.00699939 0.00699921],"[[ 0.99920402 -0.03139806  0.0246066 ]
 [-0.03974469 -0.83642258  0.54664214]
 [-0.00341802  0.54718501  0.83700471]]"
44,../normshapes/Bottle/m482.obj,../shapes/Bottle/m482.obj,8000,[-1.05387699e-10  2.35708058e-11 -3.03121226e-11],[-1.05387699e-10  2.35708058e-11 -3.03121226e-11],[-1.3078537 -1.3078537 -1.3078537],0.33539483,1.5347023,[-0.48003903  0.58386654 -0.5136933   0.5199609  -0.16791244  0.22575632],[0. 0. 0.],15748,Bottle,Triangle,[0.10737437 0.01335608 0.01038725],"[[-0.77978559 -0.44549521  0.43985048]
 [-0.62405287  0.60915668 -0.48937323]
 [ 0.04992442  0.65609615  0.75302417]]",[0.09653924 0.00446333 0.00460643],"[[-9.87235853e-04 -9.63192928e-01 -2.68809244e-01]
 [-9.99848091e-01 -3.72700163e-03  1.70266001e-02]
 [ 1.74017533e-02 -2.68785218e-01  9.63042930e-01]]"
45,../normshapes/Bottle/D00892.obj,../shapes/Bottle/D00892.obj,8000,[ 1.54623876e-10  9.44123713e-12 -2.26522729e-11],[ 1.54623876e-10  9.44123713e-12 -2.26522729e-11],[-0.84845531 -0.84845531 -0.84845531],0.40478534,1.5223806,[-0.6102799   0.82287276 -0.17430232  0.18880524 -0.17712724  0.1860104 ],[0. 0. 0.],15992,Bottle,Triangle,[0.17662623 0.01056109 0.01034088],"[[-0.99986385  0.01405819 -0.00863976]
 [ 0.01610286  0.7170012  -0.69688592]
 [ 0.00360223  0.69693016  0.71712996]]",[0.37419562 0.01249639 0.01251947],"[[ 0.99922614  0.03682511 -0.01382149]
 [-0.03929802  0.91974371 -0.39054728]
 [ 0.00166972 -0.3907882  -0.92047911]]"
46,../normshapes/Bottle/D00123.obj,../shapes/Bottle/D00123.obj,8000,[2.93366611e-11 9.10222298e-12 7.07768777e-12],[2.93366611e-11 9.10222298e-12 7.07768777e-12],[0.81687766 0.81687766 0.81687766],0.39517474,1.3401655,[-0.42408732  0.8486855  -0.14659336  0.14991939 -0.15131456  0.14562511],[0. 0. 0.],15871,Bottle,Triangle,[0.18114338 0.00775402 0.00723541],"[[ 9.99999444e-01  1.05423894e-03 -1.00938196e-05]
 [ 1.05423921e-03 -9.99999444e-01  2.74502664e-05]
 [ 1.00648749e-05  2.74608924e-05  1.00000000e+00]]",[0.38479325 0.00716561 0.00715668],"[[ 0.99882497 -0.04643218 -0.01388247]
 [-0.04837648 -0.93814112 -0.34285705]
 [-0.00289588 -0.34312577  0.93928501]]"
47,../normshapes/Bottle/D00176.obj,../shapes/Bottle/D00176.obj,7138,[ 2.53366519e-11 -5.95432344e-11  9.85944242e-13],[ 2.53366519e-11 -5.95432344e-11  9.85944242e-13],[-0.82840765 -0.82840765 -0.82840765],0.4881006,1.5489509,[-0.63052994  0.7823338  -0.21768293  0.2302042  -0.21766621  0.2322919 ],[0. 0. 0.],14272,Bottle,Triangle,[0.24304261 0.01324811 0.01313294],"[[-0.99953136 -0.02881645  0.01032815]
 [-0.01940411  0.33548538 -0.94184555]
 [-0.0236757   0.94160457  0.33588732]]",[0.3541557  0.01930481 0.019137  ],"[[-0.99944706  0.02436369  0.02262702]
 [ 0.03253088  0.57571521  0.8170029 ]
 [-0.00687848 -0.81728722  0.57618945]]"
48,../normshapes/Bottle/D00166.obj,../shapes/Bottle/D00166.obj,8000,[-6.19256753e-11 -1.16177468e-12 -2.07271569e-11],[-6.19256753e-11 -1.16177468e-12 -2.07271569e-11],[-0.82449847 -0.82449847 -0.82449847],0.49852505,1.6276835,[-0.67253095  0.7446924  -0.32737398  0.32746905 -0.22888131  0.23156627],[0. 0. 0.],15753,Bottle,Triangle,[0.23643598 0.01668866 0.0289406 ],"[[ 9.99956453e-01  9.33009054e-03 -2.04732513e-04]
 [ 2.06616163e-04 -2.00926362e-04  9.99999958e-01]
 [-9.33004901e-03  9.99956454e-01  2.02845360e-04]]",[0.32485102 0.03827308 0.02331162],"[[ 0.99895829 -0.04361967  0.0134037 ]
 [-0.04296686 -0.99803335 -0.04564308]
 [-0.01536828 -0.04501962  0.99886788]]"
49,../normshapes/BuildingNonResidential/m479.obj,../shapes/BuildingNonResidential/m479.obj,7998,[-2.03304702e-10  6.81714281e-11  4.56615408e-11],[-2.03304702e-10  6.81714281e-11  4.56615408e-11],[-1.43333066 -1.43333066 -1.43333066],0.39622718,1.5851419,[-0.64178336  0.72012854 -0.35132307  0.35821664 -0.15617299  0.23679553],[0. 0. 0.],15401,BuildingNonResidential,Triangle,[0.13813716 0.00695664 0.03475527],"[[ 9.99998822e-01 -1.08549653e-03  1.08508925e-03]
 [-1.08509077e-03 -8.16469917e-07  9.99999411e-01]
 [ 1.08549500e-03  9.99999411e-01  1.99433122e-06]]",[0.06728086 0.01298315 0.00548474],"[[-9.99999969e-01  2.50794975e-04 -5.41693320e-09]
 [ 7.74336503e-09  9.27622888e-06 -1.00000000e+00]
 [ 2.50794975e-04  9.99999969e-01  9.27623053e-06]]"
50,../normshapes/BuildingNonResidential/m475.obj,../shapes/BuildingNonResidential/m475.obj,6098,[3.51465210e-11 3.20980934e-11 8.10616609e-11],[3.51465210e-11 3.20980934e-11 8.10616609e-11],[1.15198994 1.15198994 1.15198994],0.37584075,1.6006942,[-0.5408037   0.5758798  -0.34815598  0.45919633 -0.38556927  0.428938  ],[0. 0. 0.],19980,BuildingNonResidential,Triangle,[0.01831864 0.07586995 0.07507781],"[[ 0.01412365 -0.72602131 -0.68752714]
 [-0.69174043  0.48940464 -0.53101627]
 [-0.7220081  -0.48309021  0.49530611]]",[0.01025957 0.03179455 0.02212738],"[[ 0.48162289  0.70857676  0.51571151]
 [ 0.7317184  -0.00127062 -0.68160588]
 [ 0.48231481 -0.7056326   0.51909061]]"
51,../normshapes/BuildingNonResidential/m414.obj,../shapes/BuildingNonResidential/m414.obj,8000,[3.37473125e-11 8.92049457e-11 1.28483407e-10],[3.37473125e-11 8.92049457e-11 1.28483407e-10],[-0.86686856 -0.86686856 -0.86686856],0.41104674,1.6420203,[-0.41510746  0.41435555 -0.5089618   0.51825786 -0.4852003   0.4910382 ],[0. 0. 0.],15834,BuildingNonResidential,Triangle,[0.07638519 0.07420367 0.0218699 ],"[[ 0.81135995  0.58448893  0.0082291 ]
 [ 0.46725631 -0.65695348  0.59167869]
 [-0.35123577  0.47621929  0.80613188]]",[0.10218866 0.10218866 0.0782983 ],"[[ 1.00000000e+00 -1.40707583e-08  3.52391197e-17]
 [ 0.00000000e+00 -4.32415734e-16 -1.00000000e+00]
 [ 0.00000000e+00 -1.00000000e+00 -1.48479068e-16]]"
52,../normshapes/BuildingNonResidential/m408.obj,../shapes/BuildingNonResidential/m408.obj,7999,[ 2.11285545e-11 -4.45417952e-10  1.05901016e-11],[ 2.11285545e-11 -4.45417952e-10  1.05901016e-11],[-1.13082695 -1.13082695 -1.13082695],0.3659946,1.5610262,[-0.32383186  0.37611458 -0.47066846  0.6761681  -0.35184795  0.44291234],[0. 0. 0.],15864,BuildingNonResidential,Triangle,[0.10690602 0.01271978 0.04008387],"[[ 0.08221732 -0.97355013 -0.21316767]
 [-0.99655316 -0.07793796 -0.0284162 ]
 [-0.01105074 -0.21476922  0.97660231]]",[0.03212982 0.005982   0.08115854],"[[-9.99999999e-01 -4.84447917e-05 -1.08367361e-05]
 [-4.50110602e-05  9.76911436e-01 -2.13644666e-01]
 [-2.09365028e-05  2.13644665e-01  9.76911437e-01]]"
53,../normshapes/BuildingNonResidential/m420.obj,../shapes/BuildingNonResidential/m420.obj,7226,[ 4.08605536e-11 -1.68355953e-11 -1.70128120e-11],[ 4.08605536e-11 -1.68355953e-11 -1.70128120e-11],[1.242149 1.242149 1.242149],0.47144222,1.5030267,[-0.4752754   0.7074529  -0.3995992   0.39893958 -0.29254708  0.17923546],[0. 0. 0.],12960,BuildingNonResidential,Triangle,[0.01296997 0.11369642 0.1101103 ],"[[-4.85462272e-03 -9.99976431e-01 -4.85497648e-03]
 [ 1.58764216e-05  4.85495661e-03 -9.99988215e-01]
 [-9.99988216e-01  4.85464258e-03  7.69293524e-06]]",[0.00840604 0.07136423 0.07368845],"[[-6.19323454e-05 -9.99998743e-01  1.58439687e-03]
 [-9.99994651e-01  5.67506228e-05 -3.27030602e-03]
 [-3.27021199e-03  1.58459093e-03  9.99993397e-01]]"
54,../normshapes/BuildingNonResidential/m421.obj,../shapes/BuildingNonResidential/m421.obj,6853,[ 1.12796985e-10  6.15796792e-12 -7.61039898e-12],[ 1.12796985e-10  6.15796792e-12 -7.61039898e-12],[-1.3273598 -1.3273598 -1.3273598],0.48977903,1.5209452,[-0.631008    0.6300879  -0.37783796  0.36899197 -0.17139745  0.23499653],[0. 0. 0.],11000,BuildingNonResidential,Triangle,[0.17998201 0.00909995 0.06199022],"[[-9.99999998e-01 -7.05502116e-05  3.27032985e-07]
 [-3.27032638e-07 -4.92943462e-09 -1.00000000e+00]
 [-7.05502116e-05  9.99999998e-01 -4.90636305e-09]]",[0.03518405 0.0051649  0.10215315],"[[-9.99956978e-01  9.27484251e-03  1.38918578e-04]
 [ 9.27484741e-03  9.99956987e-01  3.46315434e-05]
 [ 1.38591401e-04 -3.59185021e-05  9.99999990e-01]]"
55,../normshapes/Bus/D00832.obj,../shapes/Bus/D00832.obj,8001,[ 6.86955523e-11 -2.60750801e-11  3.55149667e-11],[ 6.86955523e-11 -2.60750801e-11  3.55149667e-11],[-0.19145796 -0.19145796 -0.19145796],0.40998,1.5029203,[-0.55913585  0.68138415 -0.29094452  0.44086412 -0.19870281  0.23064016],[0. 0. 0.],26469,Bus,Triangle,[0.14053313 0.0231917  0.02220973],"[[-0.97036611 -0.22235829  0.09458539]
 [-0.2402945   0.92920887 -0.28076581]
 [ 0.02545897  0.29517397  0.95510427]]",[4.65331183 0.6819958  0.5044965 ],"[[ 0.22084114  0.97094378 -0.0921812 ]
 [ 0.96937286 -0.20810155  0.13042243]
 [-0.10744979  0.11816059  0.98716393]]"
56,../normshapes/Bus/D00448.obj,../shapes/Bus/D00448.obj,7367,[-2.41521892e-10 -2.68638587e-13  7.30232765e-11],[-2.41521892e-10 -2.68638587e-13  7.30232765e-11],[0.22483476 0.22483476 0.22483476],0.4821083,1.6119113,[-0.6424915   0.77281123 -0.24257839  0.24960703 -0.2271887   0.36689022],[0. 0. 0.],42369,Bus,Triangle,[0.21803385 0.01743752 0.02859194],"[[ 9.99861440e-01  1.20586271e-02  1.14756024e-02]
 [ 1.14744292e-02  1.66477341e-04 -9.99934153e-01]
 [ 1.20597435e-02 -9.99927278e-01 -2.80884117e-05]]",[4.31317455 0.34495139 0.56560948],"[[ 0.99989705 -0.01408671 -0.00272936]
 [-0.00202711  0.04962799 -0.99876572]
 [-0.01420478 -0.99866843 -0.04959432]]"
57,../normshapes/Bus/D00754.obj,../shapes/Bus/D00754.obj,7996,[-2.81154431e-10  3.56445487e-11  1.77419287e-11],[-2.81154431e-10  3.56445487e-11  1.77419287e-11],[-0.10424435 -0.10424435 -0.10424435],0.4434827,1.5692666,[-0.590246    0.88397515 -0.14109091  0.15230167 -0.11602482  0.33474144],[0. 0. 0.],53171,Bus,Triangle,[0.22136959 0.00785546 0.00911958],"[[ 9.99785762e-01  2.06982885e-02  1.07250066e-04]
 [ 5.33716934e-04 -2.05995438e-02 -9.99787664e-01]
 [ 2.06916842e-02 -9.99573529e-01  2.06061776e-02]]",[20.87200594  0.84900533  0.75181808],"[[ 0.00450925 -0.9993444   0.03592262]
 [-0.9995006  -0.00338058  0.03141856]
 [ 0.03127652  0.03604635  0.99886057]]"
