,New Path,Orig Path,Vertices,CenterOfMass,Means,Scaling,AverageSize,DiagonalSize,Bounds,Position,Cells,Class,Type,Eigenvalue,Eigenvectors,Prev Eigenvalue,Prev Eigenvectors,FlippingMomentumBefore,FlippingMomentumAfter
0,../normshapes/AircraftBuoyant/m1337.obj,../shapes/AircraftBuoyant/m1337.obj,6653,[-2.13485324e-10 -5.11641009e-11  1.42869523e-09],[-2.13485324e-10 -5.11641009e-11  1.42869523e-09],[1.04596424 1.04596424 1.04596424],0.45185152,1.6388452,[-0.4572874   0.45749968 -0.4554811   0.46591893 -0.42578238  0.57421756],[0. 0. 0.],13184,AircraftBuoyant,Triangle,[0.06524698 0.06555974 0.07463892],"[[ 1.00000000e+00  3.79785067e-06 -5.43570409e-09]
 [ 3.79785067e-06 -1.00000000e+00 -2.73565237e-08]
 [ 5.43580798e-09 -2.73565029e-08  1.00000000e+00]]",[0.10504595 0.04645249 0.04645206],"[[ 1.37932984e-03 -8.60879106e-01  5.08807688e-01]
 [-9.99998671e-01 -1.62945564e-03 -4.60612164e-05]
 [-8.68732693e-04  5.08806948e-01  8.60880209e-01]]","[np.float64(88.30131112660229), np.float64(144.9856320654222), np.float64(87.9379831707377)]","[np.float32(0.16226102), np.float32(9.388828), np.float32(57.114902)]"
1,../normshapes/AircraftBuoyant/m1341.obj,../shapes/AircraftBuoyant/m1341.obj,6105,[ 6.15662061e-11 -1.01899161e-10  5.82386478e-10],[ 6.15662061e-11 -1.01899161e-10  5.82386478e-10],[1.05263162 1.05263162 1.05263162],0.24738903,1.130757,[-0.18661885  0.186618   -0.18659937  0.18663748 -0.35629776  0.64370227],[0. 0. 0.],12194,AircraftBuoyant,Triangle,[0.00752722 0.06406191 0.00754919],"[[ 1.00000000e+00  2.90277136e-10 -2.84973907e-07]
 [ 2.84973907e-07  5.64649735e-10  1.00000000e+00]
 [-2.90277297e-10  1.00000000e+00 -5.64649660e-10]]",[0.08771655 0.00299744 0.00286422],"[[-2.07842920e-04 -9.99999978e-01  1.51565623e-06]
 [-9.99999978e-01  2.07842920e-04 -1.22730395e-08]
 [-1.19580208e-08  1.51565874e-06  1.00000000e+00]]","[np.float64(36.02686909402769), np.float64(199.27876078139917), np.float64(35.941125874888165)]","[np.float32(0.0021448326), np.float32(0.0119412495), np.float32(185.65645)]"
2,../normshapes/AircraftBuoyant/m1342.obj,../shapes/AircraftBuoyant/m1342.obj,6971,[2.49653752e-11 3.17285922e-11 5.65448682e-10],[2.49653752e-11 3.17285922e-11 5.65448682e-10],[-1.04842174 -1.04842174 -1.04842174],0.33054918,1.3266379,[-0.30737498  0.3055711  -0.29968673  0.3202047  -0.4532029   0.54679704],[0. 0. 0.],13868,AircraftBuoyant,Triangle,[0.02341896 0.02365162 0.07065458],"[[ 1.00000000e+00  3.54002762e-07 -1.52379123e-09]
 [ 3.54002762e-07 -1.00000000e+00  5.80621328e-10]
 [ 1.52379103e-09  5.80621530e-10  1.00000000e+00]]",[0.08185583 0.00747886 0.00791175],"[[ 0.0603678  -0.98356147 -0.17018389]
 [-0.99801767 -0.05643591 -0.02785186]
 [-0.01778954 -0.17152788  0.98501864]]","[np.float64(300.46735701748423), np.float64(336.0046999588621), np.float64(238.34148868583705)]","[np.float32(1.983893), np.float32(2.6601245), np.float32(30.075708)]"
3,../normshapes/AircraftBuoyant/m1344.obj,../shapes/AircraftBuoyant/m1344.obj,5588,[ 3.41539634e-11 -9.87349434e-11  2.92413289e-10],[ 3.41539634e-11 -9.87349434e-11  2.92413289e-10],[-1.05260956 -1.05260956 -1.05260956],0.3574452,1.3958924,[-0.34434286  0.34432068 -0.344472    0.34419215 -0.5070635   0.4929364 ],[0. 0. 0.],10932,AircraftBuoyant,Triangle,[0.02776834 0.02783689 0.0816187 ],"[[ 1.00000000e+00  7.38924448e-06 -2.02364843e-10]
 [ 7.38924448e-06 -1.00000000e+00  4.25476917e-10]
 [ 2.02361699e-10  4.25478426e-10  1.00000000e+00]]",[0.10835615 0.01093409 0.0108532 ],"[[ 1.01636165e-03 -9.99970331e-01  7.63572930e-03]
 [-9.99999434e-01 -1.01874660e-03 -3.08458435e-04]
 [-3.16228156e-04  7.63541147e-03  9.99970800e-01]]","[np.float64(259.46644429520563), np.float64(413.870611667778), np.float64(258.40597443599995)]","[np.float32(0.092368565), np.float32(0.0677658), np.float32(19.295437)]"
4,../normshapes/AircraftBuoyant/m1345.obj,../shapes/AircraftBuoyant/m1345.obj,8000,[ 2.41360203e-09 -1.00249872e-09 -4.42937016e-09],[ 2.41360203e-09 -1.00249872e-09 -4.42937016e-09],[-1.05321395 -1.05321395 -1.05321395],0.32235968,1.3019913,[-0.2572774   0.33282667 -0.30201542  0.28701666 -0.37523562  0.6247643 ],[0. 0. 0.],15227,AircraftBuoyant,Triangle,[0.02059303 0.02195517 0.07111216],"[[ 1.00000000e+00  1.34969397e-07  2.13478660e-10]
 [ 1.34969397e-07 -1.00000000e+00 -7.98357779e-12]
 [-2.13478659e-10 -7.98357860e-12  1.00000000e+00]]",[0.09119675 0.02040059 0.02041466],"[[ 1.11849402e-03  9.99225446e-01 -3.93351922e-02]
 [ 9.99998882e-01 -1.15666234e-03 -9.47590953e-04]
 [ 9.92354528e-04  3.93340884e-02  9.99225623e-01]]","[np.float64(708.256826351511), np.float64(2621.4306924677217), np.float64(708.4397664994787)]","[np.float32(26.232594), np.float32(2.0847416), np.float32(194.20789)]"
5,../normshapes/AircraftBuoyant/m1352.obj,../shapes/AircraftBuoyant/m1352.obj,8000,[ 5.50924142e-11  7.56501151e-10 -1.32320110e-11],[ 5.50924142e-11  7.56501151e-10 -1.32320110e-11],[-1.05292296 -1.05292296 -1.05292296],0.2755989,1.1157235,[-0.1774578   0.14875124 -0.17629935  0.19575791 -0.44245213  0.55754787],[0. 0. 0.],15895,AircraftBuoyant,Triangle,[0.00636352 0.06890765 0.01021389],"[[ 1.00000000e+00 -7.92371684e-10 -1.13549798e-09]
 [-1.13549798e-09 -2.75248046e-10 -1.00000000e+00]
 [-7.92371684e-10 -1.00000000e+00  2.75248061e-10]]",[0.07047498 0.01012987 0.00495225],"[[ 0.99999658 -0.0023833  -0.00107235]
 [-0.00238531 -0.99999539 -0.00187921]
 [ 0.00106786 -0.00188176  0.99999766]]","[np.float64(1819.4790267161288), np.float64(286.88335645341334), np.float64(234.58376811291905)]","[np.float32(1.3780665), np.float32(8.463643), np.float32(64.34891)]"
6,../normshapes/Apartment/D00310.obj,../shapes/Apartment/D00310.obj,7939,[-1.77889328e-10 -4.13165148e-09 -3.72385761e-09],[-1.77889328e-10 -4.13165148e-09 -3.72385761e-09],[0.55813396 0.55813396 0.55813396],0.32477275,1.1930697,[-0.19025381  0.19492754 -0.22620164  0.29825112 -0.45593894  0.54406106],[0. 0. 0.],8506,Apartment,Triangle,[0.00808404 0.08795505 0.02354578],"[[ 1.00000000e+00 -3.57580283e-10 -3.65852899e-11]
 [-3.65852906e-11 -2.14871936e-09 -1.00000000e+00]
 [-3.57580283e-10 -1.00000000e+00  2.14871914e-09]]",[0.27760058 0.07429363 0.02494206],"[[ 0.99840528 -0.051258   -0.02365413]
 [-0.05083436 -0.99854167  0.01817693]
 [ 0.02455135  0.0169455   0.99955494]]","[np.float64(725.7491051415143), np.float64(75.310039846715), np.float64(-37.28226438825047)]","[np.float32(0.7501177), np.float32(30.675867), np.float32(20.163233)]"
7,../normshapes/Apartment/D00366.obj,../shapes/Apartment/D00366.obj,8000,[6.06991926e-10 1.69699223e-09 2.68782446e-09],[6.06991926e-10 1.69699223e-09 2.68782446e-09],[0.61901301 0.61901301 0.61901301],0.393152,1.3787547,[-0.29071075  0.30084026 -0.3570626   0.38525277 -0.49398023  0.5060198 ],[0. 0. 0.],15927,Apartment,Triangle,[0.02869472 0.04762779 0.08694876],"[[ 1.00000000e+00 -4.09230896e-08 -3.04824747e-09]
 [-4.09230896e-08 -1.00000000e+00  1.26600362e-09]
 [ 3.04824752e-09  1.26600383e-09  1.00000000e+00]]",[0.20970553 0.1047377  0.08072606],"[[ 0.99661581  0.07339569  0.03701341]
 [ 0.08181126 -0.92941841 -0.35984488]
 [-0.00798988 -0.36165521  0.93227768]]","[np.float64(-106.83226312316168), np.float64(-129.58398059235523), np.float64(0.3135948308215266)]","[np.float32(10.744485), np.float32(32.896076), np.float32(93.623116)]"
8,../normshapes/Apartment/D00496.obj,../shapes/Apartment/D00496.obj,7737,[-1.99126324e-10 -4.04451835e-11  1.52224281e-11],[-1.99126324e-10 -4.04451835e-11  1.52224281e-11],[-0.6368953 -0.6368953 -0.6368953],0.33052087,1.3257563,[-0.17019738  0.17893536 -0.3219033   0.6780967  -0.41149798  0.38583267],[0. 0. 0.],4956,Apartment,Triangle,[0.01945853 0.04828231 0.05104363],"[[ 1.00000000e+00 -2.19755330e-09  6.50940339e-10]
 [-2.19755306e-09 -1.00000000e+00 -3.62984748e-07]
 [-6.50941137e-10 -3.62984747e-07  1.00000000e+00]]",[0.04797047 0.11902877 0.12583616],"[[ 5.27407648e-02  9.10681880e-01 -4.09727868e-01]
 [ 2.31046565e-02  4.09076259e-01  9.12207646e-01]
 [-9.98340917e-01  5.75771505e-02 -5.34002712e-04]]","[np.float64(31.02537890692893), np.float64(-1.2808987741087714), np.float64(-43.93735668899396)]","[np.float32(7.114646), np.float32(25.502365), np.float32(0.9612481)]"
9,../normshapes/Apartment/D00639.obj,../shapes/Apartment/D00639.obj,8000,[-4.06444087e-11 -7.87916335e-10 -1.69751002e-09],[-4.06444087e-11 -7.87916335e-10 -1.69751002e-09],[0.63656694 0.63656694 0.63656694],0.34692267,1.3284963,[-0.2898007   0.30072746 -0.31738696  0.32773256 -0.43854097  0.56145895],[0. 0. 0.],14790,Apartment,Triangle,[0.02101344 0.02946036 0.08120553],"[[ 1.00000000e+00 -5.07311125e-08 -2.19333506e-09]
 [-5.07311125e-08 -1.00000000e+00  2.88747165e-09]
 [ 2.19333520e-09  2.88747168e-09  1.00000000e+00]]",[0.19643149 0.05736936 0.08108464],"[[ 0.98329075  0.18155036  0.01337046]
 [ 0.03728557 -0.12896214 -0.99094831]
 [ 0.17818274 -0.97488883  0.13357649]]","[np.float64(1292.2506364629287), np.float64(-89.00648720205788), np.float64(-462.96675254221947)]","[np.float32(11.371343), np.float32(14.571834), np.float32(33.88231)]"
10,../normshapes/Apartment/D00869.obj,../shapes/Apartment/D00869.obj,8000,[ 9.28744043e-10  1.93781943e-09 -7.45073430e-09],[ 9.28744043e-10  1.93781943e-09 -7.45073430e-09],[-0.6189698 -0.6189698 -0.6189698],0.42290667,1.3199357,[-0.29703015  0.2590018  -0.32804754  0.33002427 -0.4825836   0.51741636],[0. 0. 0.],14538,Apartment,Triangle,[0.02840421 0.11506781 0.04586855],"[[ 1.00000000e+00 -1.21570919e-09 -3.57275461e-09]
 [-3.57275463e-09 -1.69178720e-08 -1.00000000e+00]
 [-1.21570913e-09 -1.00000000e+00  1.69178718e-08]]",[0.26627842 0.12188595 0.07982689],"[[ 0.99061291  0.13211515 -0.03509488]
 [ 0.13542341 -0.9834532   0.12033415]
 [ 0.0186162   0.12395723  0.99211292]]","[np.float64(-1172.1111376395986), np.float64(461.4886834309346), np.float64(635.9241987287398)]","[np.float32(17.36608), np.float32(2.0244746), np.float32(56.791485)]"
11,../normshapes/Apartment/D00921.obj,../shapes/Apartment/D00921.obj,7801,[-1.09420683e-09  6.89210678e-11 -6.92686834e-10],[-1.09420683e-09  6.89210678e-11 -6.92686834e-10],[0.6197772 0.6197772 0.6197772],0.26575798,1.2255995,[-0.15814075  0.33898285 -0.24156363  0.26337424 -0.35032797  0.64967203],[0. 0. 0.],7206,Apartment,Triangle,[0.02118315 0.02318549 0.03875823],"[[ 1.00000000e+00 -1.57177878e-07 -1.75316336e-09]
 [-1.57177878e-07 -1.00000000e+00  1.90672490e-08]
 [ 1.75316636e-09  1.90672488e-08  1.00000000e+00]]",[0.08220139 0.05114192 0.06151274],"[[ 0.94408494  0.31905307 -0.08311902]
 [ 0.21163008 -0.77973161 -0.58926337]
 [ 0.25281682 -0.53872418  0.8036541 ]]","[np.float64(676.786356128754), np.float64(-273.7903167207753), np.float64(-216.24194858563487)]","[np.float32(78.96941), np.float32(6.0261316), np.float32(130.0969)]"
12,../normshapes/AquaticAnimal/m55.obj,../shapes/AquaticAnimal/m55.obj,7997,[ 2.56189351e-10 -4.72390206e-10 -2.74329839e-09],[ 2.56189351e-10 -4.72390206e-10 -2.74329839e-09],[-1.04999626 -1.04999626 -1.04999626],0.2535311,1.0798254,[-0.07191892  0.09221868 -0.18510929  0.18782744 -0.3479721   0.6520279 ],[0. 0. 0.],15757,AquaticAnimal,Triangle,[0.00130023 0.07385983 0.00445464],"[[ 1.00000000e+00  8.86502070e-10 -1.70914589e-09]
 [ 1.70914589e-09 -2.48888773e-10  1.00000000e+00]
 [-8.86502069e-10  1.00000000e+00  2.48888921e-10]]",[0.05669037 0.00118698 0.00413497],"[[ 0.0615859   0.99809744 -0.00294422]
 [ 0.01668159 -0.00397871 -0.99985294]
 [ 0.99796237 -0.06152773  0.01689488]]","[np.float64(369.7414535376221), np.float64(1324.9438134951183), np.float64(19325.178322041706)]","[np.float32(1.9696105), np.float32(3.0021582), np.float32(301.82532)]"
13,../normshapes/AquaticAnimal/m57.obj,../shapes/AquaticAnimal/m57.obj,7999,[ 1.37981654e-10  2.00527720e-10 -2.10708058e-09],[ 1.37981654e-10  2.00527720e-10 -2.10708058e-09],[1.0459795 1.0459795 1.0459795],0.23939307,1.0773057,[-0.0613552   0.06307413 -0.1898327   0.19109347 -0.34752545  0.6524745 ],[0. 0. 0.],15819,AquaticAnimal,Triangle,[0.00075548 0.06422851 0.00561037],"[[ 1.00000000e+00 -1.31491483e-11  1.19431355e-10]
 [-1.19431355e-10  7.74883491e-10  1.00000000e+00]
 [ 1.31491484e-11  1.00000000e+00 -7.74883498e-10]]",[0.00068347 0.05013035 0.00591201],"[[-9.99998930e-01 -1.84669139e-04  1.45138392e-03]
 [-1.43903029e-03 -5.49999465e-02 -9.98485320e-01]
 [-2.64215463e-04  9.98486340e-01 -5.49996219e-02]]","[np.float64(285.332467901635), np.float64(1510.0921575860268), np.float64(18142.357939306545)]","[np.float32(0.1493854), np.float32(7.298514), np.float32(216.54384)]"
14,../normshapes/AquaticAnimal/m63.obj,../shapes/AquaticAnimal/m63.obj,8000,[-7.60392027e-10  1.56929013e-09 -2.68588640e-09],[-7.60392027e-10  1.56929013e-09 -2.68588640e-09],[-1.01223421 -1.01223421 -1.01223421],0.3036363,1.4394798,[-0.36617506  0.39350814 -0.29929626  0.40425444 -0.37900162  0.6209983 ],[0. 0. 0.],15853,AquaticAnimal,Triangle,[0.02130472 0.05071221 0.02561694],"[[ 1.00000000e+00  1.00827928e-09  1.73724264e-09]
 [ 1.73724261e-09  2.90269824e-08 -1.00000000e+00]
 [ 1.00827933e-09 -1.00000000e+00 -2.90269823e-08]]",[0.04384779 0.01902393 0.01444088],"[[ 0.94940246  0.31405971  0.0012082 ]
 [ 0.31397362 -0.94921943  0.02007576]
 [-0.00745183  0.01868064  0.99979773]]","[np.float64(242.21760847228185), np.float64(219.65784864635296), np.float64(320.6140565514542)]","[np.float32(13.300017), np.float32(27.584133), np.float32(106.12855)]"
15,../normshapes/AquaticAnimal/m72.obj,../shapes/AquaticAnimal/m72.obj,5037,[-2.55953152e-11  2.51173429e-11 -5.45090130e-11],[-2.55953152e-11  2.51173429e-11 -5.45090130e-11],[1.05229771 1.05229771 1.05229771],0.2295614,1.1259168,[-0.07846916  0.17012165 -0.22667721  0.22707513 -0.4864721   0.51352787],[0. 0. 0.],10034,AquaticAnimal,Triangle,[0.00225969 0.06089872 0.00458963],"[[ 1.00000000e+00 -1.07033524e-11 -5.38927043e-11]
 [-5.38927043e-11 -1.63131702e-10 -1.00000000e+00]
 [-1.07033524e-11 -1.00000000e+00  1.63131650e-10]]",[0.07777543 0.00433456 0.00190725],"[[ 3.50502440e-04  9.99997472e-01 -2.22110491e-03]
 [ 1.88060040e-02  2.21412071e-03  9.99820700e-01]
 [-9.99823090e-01  3.92209703e-04  1.88051804e-02]]","[np.float64(36.3158515462477), np.float64(7.115922992298446), np.float64(241.17686512184667)]","[np.float32(5.1266584), np.float32(0.00046382056), np.float32(85.21487)]"
16,../normshapes/AquaticAnimal/m73.obj,../shapes/AquaticAnimal/m73.obj,5687,[-4.41377603e-12  5.53923374e-11 -1.09905726e-10],[-4.41377603e-12  5.53923374e-11 -1.09905726e-10],[-1.04773962 -1.04773962 -1.04773962],0.28321022,1.2143307,[-0.18156503  0.18637773 -0.2481032   0.33432028 -0.5015782   0.49842185],[0. 0. 0.],11376,AquaticAnimal,Triangle,[0.00473977 0.07426306 0.01614561],"[[ 1.00000000e+00 -2.23145404e-10 -3.12603932e-10]
 [-3.12603932e-10  1.07642889e-09 -1.00000000e+00]
 [-2.23145404e-10 -1.00000000e+00 -1.07642869e-09]]",[0.10172234 0.01648472 0.0042793 ],"[[ 9.99010901e-01 -4.44516634e-02 -1.12618950e-03]
 [-4.44516909e-02 -9.99011535e-01  6.15001240e-07]
 [ 1.12510364e-03 -4.94466347e-05  9.99999366e-01]]","[np.float64(176.038524760086), np.float64(50.502427875999444), np.float64(24.721613606759995)]","[np.float32(0.38681546), np.float32(21.742723), np.float32(64.66852)]"
17,../normshapes/AquaticAnimal/m79.obj,../shapes/AquaticAnimal/m79.obj,5655,[ 1.02529244e-14  1.72065783e-11 -1.03503874e-10],[ 1.02529244e-14  1.72065783e-11 -1.03503874e-10],[1.0401895 1.0401895 1.0401895],0.20937349,1.0626897,[-0.08321497  0.14623426 -0.12273929  0.15414082 -0.47796535  0.5220346 ],[0. 0. 0.],10856,AquaticAnimal,Triangle,[0.00140107 0.05597873 0.00164992],"[[ 1.00000000e+00 -2.84720595e-10 -1.68778054e-08]
 [-1.68778054e-08  1.83005407e-09 -1.00000000e+00]
 [-2.84720626e-10 -1.00000000e+00 -1.83005385e-09]]",[0.06341259 0.00138989 0.0016271 ],"[[ 0.99363008 -0.11184406  0.01379056]
 [-0.00571812 -0.17225672 -0.9850355 ]
 [-0.11254589 -0.97868204  0.17179899]]","[np.float64(87.32253958146576), np.float64(1.904288937413443), np.float64(7.99533867367711)]","[np.float32(2.5785594), np.float32(2.0552092), np.float32(33.836052)]"
18,../normshapes/Bed/D00031.obj,../shapes/Bed/D00031.obj,7996,[6.68776614e-11 3.67983945e-09 2.24491046e-09],[6.68776614e-11 3.67983945e-09 2.24491046e-09],[0.63755816 0.63755816 0.63755816],0.43845874,1.3832798,[-0.1510581   0.20119691 -0.43695587  0.45151448 -0.415621    0.5843789 ],[0. 0. 0.],15510,Bed,Triangle,[0.00410619 0.08436552 0.11400946],"[[ 1.00000000e+00  1.17211801e-09 -3.49231652e-11]
 [ 1.17211801e-09 -1.00000000e+00  6.45040683e-09]
 [ 3.49231577e-11  6.45040704e-09  1.00000000e+00]]",[0.01236356 0.28520725 0.22218709],"[[-0.04008442 -0.9982518  -0.04343481]
 [ 0.03262356  0.04213906 -0.99857899]
 [-0.99866358  0.04144445 -0.03087741]]","[np.float64(-142.3653010797339), np.float64(123.45691735256985), np.float64(21.865931720235885)]","[np.float32(14.396051), np.float32(7.03158), np.float32(261.52026)]"
19,../normshapes/Bed/D00121.obj,../shapes/Bed/D00121.obj,8000,[1.36315066e-09 3.29491741e-10 8.08585901e-09],[1.36315066e-09 3.29491741e-10 8.08585901e-09],[0.69142926 0.69142926 0.69142926],0.5265265,1.4157134,[-0.1219195   0.44962582 -0.40922257  0.41393018 -0.41994813  0.5800519 ],[0. 0. 0.],11565,Bed,Triangle,[0.01403526 0.19414362 0.07463896],"[[ 1.00000000e+00 -3.81356950e-09  4.58257831e-10]
 [-4.58257820e-10  2.96601632e-09  1.00000000e+00]
 [ 3.81356951e-09  1.00000000e+00 -2.96601611e-09]]",[0.38759629 0.15339093 0.03031534],"[[ 0.97536658  0.20549266 -0.08020478]
 [ 0.21046069 -0.97580213  0.05930003]
 [ 0.06607827  0.07471922  0.99501291]]","[np.float64(-4429.8669172676655), np.float64(1992.7928670523386), np.float64(1700.7484172688494)]","[np.float32(47.574066), np.float32(13.988939), np.float32(301.2897)]"
20,../normshapes/Bed/D00538.obj,../shapes/Bed/D00538.obj,7136,[-1.94656337e-10 -4.17011478e-11 -1.54524373e-10],[-1.94656337e-10 -4.17011478e-11 -1.54524373e-10],[-0.6262337 -0.6262337 -0.6262337],0.56934875,1.2624705,[-0.15874313  0.22860384 -0.33300158  0.33317712 -0.5000011   0.4999989 ],[0. 0. 0.],14188,Bed,Triangle,[0.01648617 0.07699031 0.23139431],"[[ 1.00000000e+00 -1.72189281e-09 -3.07758897e-11]
 [-1.72189281e-09 -1.00000000e+00 -1.15421994e-09]
 [ 3.07758877e-11 -1.15421989e-09  1.00000000e+00]]",[0.59003775 0.04203848 0.19631938],"[[ 0.99558751  0.05642147  0.07498085]
 [ 0.07730096 -0.04012556 -0.99620003]
 [ 0.05319842 -0.9976004   0.04430994]]","[np.float64(-106.83726256879339), np.float64(1363.2614688424817), np.float64(485.4132804843086)]","[np.float32(19.82422), np.float32(0.089585304), np.float32(0.03142336)]"
21,../normshapes/Bed/D00735.obj,../shapes/Bed/D00735.obj,8000,[-1.45361957e-09 -5.40476321e-10  9.17057696e-09],[-1.45361957e-09 -5.40476321e-10  9.17057696e-09],[0.64359623 0.64359623 0.64359623],0.4383091,1.2894297,[-0.17594647  0.22659193 -0.34918174  0.35834336 -0.485007    0.514993  ],[0. 0. 0.],15408,Bed,Triangle,[0.00712218 0.05332004 0.14649855],"[[ 1.00000000e+00  5.20557252e-09 -1.63523202e-09]
 [ 5.20557251e-09 -1.00000000e+00 -6.00799795e-09]
 [ 1.63523205e-09 -6.00799787e-09  1.00000000e+00]]",[0.22168637 0.11605561 0.01230235],"[[ 0.97562333 -0.21766996 -0.02790903]
 [-0.21428134 -0.97234514  0.09288932]
 [ 0.04735643  0.0846446   0.99528522]]","[np.float64(-2.213308268378734), np.float64(41.11118650564759), np.float64(5.543361799291225)]","[np.float32(30.77782), np.float32(10.629615), np.float32(96.94562)]"
22,../normshapes/Bed/m948.obj,../shapes/Bed/m948.obj,8000,[-1.72873570e-09  4.98880354e-09 -4.90997627e-09],[-1.72873570e-09  4.98880354e-09 -4.90997627e-09],[0.81121171 0.81121171 0.81121171],0.47065508,1.6299993,[-0.3788344  0.5056321 -0.4438307  0.5561693 -0.4490061  0.4862032],[0. 0. 0.],15844,Bed,Triangle,[0.0481974  0.10288289 0.0850759 ],"[[ 1.00000000e+00  9.99569880e-09  9.96448591e-09]
 [ 9.96448569e-09  2.24873356e-08 -1.00000000e+00]
 [ 9.99569902e-09 -1.00000000e+00 -2.24873371e-08]]",[0.098634   0.13901924 0.17409414],"[[-0.14074129 -0.9832638  -0.11569003]
 [-0.98940613  0.14388857 -0.01927678]
 [-0.03560064 -0.11175138  0.99309829]]","[np.float64(3612.9406491645695), np.float64(2708.244555609027), np.float64(3161.1734636437322)]","[np.float32(247.44565), np.float32(156.8959), np.float32(60.402126)]"
23,../normshapes/Bed/m950.obj,../shapes/Bed/m950.obj,8000,[-2.05309698e-09 -2.21189941e-09  1.71337160e-09],[-2.05309698e-09 -2.21189941e-09  1.71337160e-09],[-0.88966787 -0.88966787 -0.88966787],0.47034085,1.6208484,[-0.48935366  0.45256105 -0.4628369   0.53716314 -0.41443706  0.44576427],[0. 0. 0.],15898,Bed,Triangle,[0.05957457 0.06417051 0.10258824],"[[ 1.00000000e+00  4.11389626e-08 -1.97161090e-09]
 [ 4.11389626e-08 -1.00000000e+00 -3.53236678e-09]
 [ 1.97161105e-09 -3.53236650e-09  1.00000000e+00]]",[0.09869962 0.13116542 0.17607954],"[[ 9.99999994e-01  1.05313186e-04  3.95088175e-05]
 [ 1.07614253e-04 -9.97972517e-01 -6.36462419e-02]
 [-3.27259255e-05 -6.36462457e-02  9.97972522e-01]]","[np.float64(178.14287775329217), np.float64(229.61050585832484), np.float64(291.6444529077832)]","[np.float32(11.788588), np.float32(86.1013), np.float32(77.3977)]"
24,../normshapes/Bicycle/D00555.obj,../shapes/Bicycle/D00555.obj,7980,[2.12791045e-10 1.39257726e-09 2.47216160e-09],[2.12791045e-10 1.39257726e-09 2.47216160e-09],[0.52041137 0.52041137 0.52041137],0.28621075,1.2529111,[-0.17064665  0.1876527  -0.34184673  0.32253855 -0.49328846  0.5067115 ],[0. 0. 0.],14588,Bicycle,Triangle,[0.00180908 0.0686236  0.0226418 ],"[[ 1.00000000e+00  2.54496892e-10 -4.23483357e-10]
 [ 4.23483358e-10 -2.24885832e-09  1.00000000e+00]
 [-2.54496891e-10  1.00000000e+00  2.24885789e-09]]",[0.26819921 0.0816824  0.00659577],"[[ 0.99967402 -0.02499975  0.00518269]
 [-0.02502097 -0.99967864  0.00406984]
 [-0.00507928  0.00419819  0.99997829]]","[np.float64(1354.887979980019), np.float64(3885.651039644661), np.float64(173.29322680563106)]","[np.float32(0.99811685), np.float32(33.160656), np.float32(45.3465)]"
25,../normshapes/Bicycle/D00904.obj,../shapes/Bicycle/D00904.obj,5354,[5.84807726e-12 9.96197372e-12 1.52814136e-10],[5.84807726e-12 9.96197372e-12 1.52814136e-10],[0.53434199 0.53434199 0.53434199],0.31979108,1.2392164,[-0.10339502  0.10364671 -0.282033    0.41995782 -0.43868282  0.5613172 ],[0. 0. 0.],10548,Bicycle,Triangle,[0.00075302 0.08501847 0.02721402],"[[ 1.00000000e+00  1.12720733e-10  1.35144579e-10]
 [ 1.35144579e-10  1.23029115e-09 -1.00000000e+00]
 [ 1.12720733e-10 -1.00000000e+00 -1.23029090e-09]]",[0.29776572 0.09531344 0.00263736],"[[ 0.99198194  0.12634241  0.00307079]
 [ 0.12632712 -0.99197728  0.00474807]
 [-0.00364604  0.00432208  0.99998401]]","[np.float64(576.7680892779729), np.float64(711.6906177295936), np.float64(-0.45472805140721617)]","[np.float32(0.058117177), np.float32(29.334919), np.float32(90.71684)]"
26,../normshapes/Bicycle/D00931.obj,../shapes/Bicycle/D00931.obj,8000,[-3.46553634e-10  8.27363351e-10 -4.34636208e-09],[-3.46553634e-10  8.27363351e-10 -4.34636208e-09],[0.56457275 0.56457275 0.56457275],0.2794284,1.2076714,[-0.14849445  0.16080949 -0.32171652  0.28061345 -0.48187765  0.5181224 ],[0. 0. 0.],14722,Bicycle,Triangle,[0.00125387 0.02063677 0.07033108],"[[-1.00000000e+00  1.07510231e-08  1.47131968e-09]
 [ 1.07510231e-08  1.00000000e+00  4.59758805e-10]
 [ 1.47131967e-09 -4.59758820e-10  1.00000000e+00]]",[0.21226612 0.06341378 0.00665509],"[[ 0.98330698 -0.17433     0.05211944]
 [-0.16051367 -0.96598822 -0.20273658]
 [-0.08568983 -0.19098641  0.97784531]]","[np.float64(-1638.2277929355937), np.float64(2367.042641153513), np.float64(-906.7229443059965)]","[np.float32(0.007361119), np.float32(29.512743), np.float32(79.07335)]"
27,../normshapes/Bicycle/m1473.obj,../shapes/Bicycle/m1473.obj,7986,[-3.65847102e-11 -1.35074655e-10 -1.11498128e-09],[-3.65847102e-11 -1.35074655e-10 -1.11498128e-09],[1.05486619 1.05486619 1.05486619],0.27040625,1.2039517,[-0.1516572   0.15326886 -0.28075114  0.31634158 -0.45991004  0.54009   ],[0. 0. 0.],16156,Bicycle,Triangle,[0.00074272 0.01465337 0.0675371 ],"[[-1.00000000e+00  2.54561839e-11  3.92686499e-12]
 [ 2.54561839e-11  1.00000000e+00  1.96017981e-09]
 [ 3.92686494e-12 -1.96018005e-09  1.00000000e+00]]",[0.08090855 0.0156622  0.00069701],"[[ 9.98809830e-01  4.87735546e-02  2.53783695e-04]
 [ 4.87722037e-02 -9.98802375e-01  3.88423066e-03]
 [-4.42927493e-04  3.86723018e-03  9.99992424e-01]]","[np.float64(1506.5890310060151), np.float64(326.4964440706616), np.float64(131.45740975809295)]","[np.float32(0.27189088), np.float32(6.957995), np.float32(96.70273)]"
28,../normshapes/Bicycle/m1475.obj,../shapes/Bicycle/m1475.obj,6049,[ 5.72032925e-11  3.12182515e-10 -4.41508332e-10],[ 5.72032925e-11  3.12182515e-10 -4.41508332e-10],[1.11626792 1.11626792 1.11626792],0.23197243,1.2594701,[-0.11755307  0.11442813 -0.352052    0.3776396  -0.5013569   0.4986431 ],[0. 0. 0.],12232,Bicycle,Triangle,[0.0011531  0.0567727  0.01692735],"[[ 1.00000000e+00  1.86426387e-10  4.69689241e-10]
 [ 4.69689238e-10  1.75109083e-08 -1.00000000e+00]
 [ 1.86426395e-10 -1.00000000e+00 -1.75109085e-08]]",[0.04556199 0.01358477 0.0009254 ],"[[ 0.92423417  0.38182153 -0.00187272]
 [ 0.38161575 -0.92355104  0.03772122]
 [-0.01267323  0.0355779   0.99928655]]","[np.float64(3336.0864761799885), np.float64(763.3835731599454), np.float64(238.6301768007921)]","[np.float32(1.7422271), np.float32(43.920124), np.float32(177.20561)]"
29,../normshapes/Bicycle/m1476.obj,../shapes/Bicycle/m1476.obj,7994,[-1.04496139e-10 -2.73767235e-10 -1.17943965e-10],[-1.04496139e-10 -2.73767235e-10 -1.17943965e-10],[-1.05592227 -1.05592227 -1.05592227],0.27334502,1.2058688,[-0.14522883  0.14496395 -0.2671961   0.34100443 -0.47305557  0.5269444 ],[0. 0. 0.],16032,Bicycle,Triangle,[0.00045061 0.07061687 0.01770729],"[[ 1.00000000e+00 -1.00272189e-10  3.62710045e-10]
 [-3.62710045e-10 -2.17157092e-09  1.00000000e+00]
 [ 1.00272189e-10  1.00000000e+00  2.17157117e-09]]",[0.00109771 0.02122927 0.0652218 ],"[[-0.99989768  0.01420754 -0.00166557]
 [ 0.01393672  0.99378499  0.1104408 ]
 [-0.00322431 -0.11040628  0.99388131]]","[np.float64(23.981195386071988), np.float64(87.55084386366806), np.float64(303.8349933446284)]","[np.float32(1.0392005), np.float32(42.10204), np.float32(77.389114)]"
30,../normshapes/Biplane/D00276.obj,../shapes/Biplane/D00276.obj,7999,[-1.25009302e-09 -2.15378806e-09 -7.16786657e-10],[-1.25009302e-09 -2.15378806e-09 -7.16786657e-10],[-0.55366737 -0.55366737 -0.55366737],0.3001984,1.4067793,[-0.20589648  0.28138715 -0.3470367   0.51411533 -0.4872266   0.51277333],[0. 0. 0.],15895,Biplane,Triangle,[0.01133429 0.03826099 0.05325414],"[[-1.00000000e+00  2.10829811e-09  1.06128204e-09]
 [ 2.10829809e-09  1.00000000e+00 -1.89763541e-08]
 [ 1.06128208e-09  1.89763537e-08  1.00000000e+00]]",[0.0438167  0.11934581 0.13616973],"[[ 1.78816032e-01 -9.08726575e-01 -3.77148298e-01]
 [ 7.49182741e-04  3.83452201e-01 -9.23560419e-01]
 [-9.83882242e-01 -1.64864856e-01 -6.92482032e-02]]","[np.float64(-169.43234961467383), np.float64(-0.3635522704604415), np.float64(37.37930070591081)]","[np.float32(19.995987), np.float32(163.92053), np.float32(39.015656)]"
31,../normshapes/Biplane/D00277.obj,../shapes/Biplane/D00277.obj,8000,[ 9.87910425e-10 -1.03201432e-09  8.24558128e-10],[ 9.87910425e-10 -1.03201432e-09  8.24558128e-10],[-0.53369766 -0.53369766 -0.53369766],0.16958469,1.2642056,[-0.12780324  0.13103533 -0.46701336  0.5329866  -0.24632673  0.48252073],[0. 0. 0.],14363,Biplane,Triangle,[0.0036777  0.01779198 0.02060975],"[[-1.00000000e+00  9.05947919e-10 -4.21031711e-10]
 [ 9.05947922e-10  1.00000000e+00 -7.85230710e-09]
 [-4.21031704e-10  7.85230576e-09  1.00000000e+00]]",[0.07170708 0.01124457 0.04238678],"[[ 0.99973644 -0.0161532   0.01631323]
 [-0.01519528  0.06706694  0.99763276]
 [ 0.01720904  0.99761771 -0.06680381]]","[np.float64(296.5880269033036), np.float64(-641.1597579002422), np.float64(26.91917037045942)]","[np.float32(1.111759), np.float32(14.761683), np.float32(177.90579)]"
32,../normshapes/Biplane/D00320.obj,../shapes/Biplane/D00320.obj,8000,[-3.60297463e-11 -1.96372525e-09 -4.95798702e-10],[-3.60297463e-11 -1.96372525e-09 -4.95798702e-10],[0.50635976 0.50635976 0.50635976],0.18941104,1.1863143,[-0.08285586  0.14228278 -0.19628102  0.40092465 -0.4995607   0.5004392 ],[0. 0. 0.],15232,Biplane,Triangle,[0.00304208 0.02670495 0.01847072],"[[ 1.00000000e+00 -8.52672868e-10 -3.39171670e-10]
 [-3.39171671e-10 -1.39818301e-09 -1.00000000e+00]
 [-8.52672868e-10 -1.00000000e+00  1.39818364e-09]]",[0.01051447 0.09234232 0.07408992],"[[-0.01151524  0.99987445 -0.0108849 ]
 [-0.00368847  0.01084307  0.99993441]
 [-0.99992689 -0.01155463 -0.00356315]]","[np.float64(-12.101928762852191), np.float64(-123.82882083118645), np.float64(70.33495012017889)]","[np.float32(4.509369), np.float32(99.43236), np.float32(0.9783639)]"
33,../normshapes/Biplane/m1134.obj,../shapes/Biplane/m1134.obj,5352,[ 1.30904701e-11 -1.43670254e-11 -2.37127292e-10],[ 1.30904701e-11 -1.43670254e-11 -2.37127292e-10],[-1.05263078 -1.05263078 -1.05263078],0.25737926,1.1493658,[-0.05546967  0.09912157 -0.19006498  0.35504335 -0.4999947   0.5000053 ],[0. 0. 0.],10672,Biplane,Triangle,[0.00164151 0.07058975 0.00927729],"[[ 1.00000000e+00  1.14934841e-09 -8.16074298e-11]
 [ 8.16074308e-11 -8.02152509e-10  1.00000000e+00]
 [-1.14934841e-09  1.00000000e+00  8.02152733e-10]]",[0.02309563 0.00115562 0.04855151],"[[-9.99127983e-01  4.17521112e-02 -1.85978574e-04]
 [-1.86380508e-04 -5.73407892e-06  9.99999983e-01]
 [-4.17521094e-02 -9.99128000e-01 -1.35108584e-05]]","[np.float64(30.630870388585183), np.float64(138.49813805798155), np.float64(3.1973093614889954)]","[np.float32(0.73731625), np.float32(63.096275), np.float32(0.025854731)]"
34,../normshapes/Biplane/m1143.obj,../shapes/Biplane/m1143.obj,7220,[ 1.08428318e-09 -1.17138887e-09 -2.84491958e-09],[ 1.08428318e-09 -1.17138887e-09 -2.84491958e-09],[-1.0524137 -1.0524137 -1.0524137],0.25214157,1.1573334,[-0.20689756  0.09107834 -0.2747166   0.22591388 -0.49930984  0.5006901 ],[0. 0. 0.],21240,Biplane,Triangle,[0.00387518 0.00796302 0.06137003],"[[ 1.00000000e+00  3.78250029e-08 -2.51833957e-10]
 [ 3.78250029e-08 -1.00000000e+00 -6.09183882e-11]
 [ 2.51833959e-10 -6.09183455e-11  1.00000000e+00]]",[0.02036339 0.00342241 0.02885719],"[[-9.97539057e-01 -7.01129433e-02 -6.96054214e-05]
 [ 7.61332709e-05 -9.04325220e-05 -9.99999993e-01]
 [-7.01129365e-02  9.97539055e-01 -9.55479005e-05]]","[np.float64(364.5690790190142), np.float64(1825.6317208846353), np.float64(91.27709932406317)]","[np.float32(14.0817175), np.float32(7.4668317), np.float32(4.0317774)]"
35,../normshapes/Biplane/m1144.obj,../shapes/Biplane/m1144.obj,8000,[-3.36446874e-10  9.49041350e-10 -1.50818209e-09],[-3.36446874e-10  9.49041350e-10 -1.50818209e-09],[-1.05414534 -1.05414534 -1.05414534],0.22501038,1.2708582,[-0.09027115  0.17693345 -0.23731133  0.50003684 -0.49583662  0.5041634 ],[0. 0. 0.],15500,Biplane,Triangle,[0.00460654 0.02762654 0.03404383],"[[ 1.00000000e+00  2.09136911e-09  3.97569945e-10]
 [ 2.09136910e-09 -1.00000000e+00  3.05737257e-08]
 [-3.97570009e-10  3.05737258e-08  1.00000000e+00]]",[0.01890751 0.02194818 0.00529078],"[[-0.99870804  0.04966963  0.01073194]
 [ 0.04812495  0.9923028  -0.11410149]
 [ 0.01631671  0.1134376   0.99341113]]","[np.float64(1780.7727069621337), np.float64(376.760709643284), np.float64(260.7302513174775)]","[np.float32(16.675667), np.float32(174.9031), np.float32(37.137333)]"
36,../normshapes/Bird/D00546.obj,../shapes/Bird/D00546.obj,5663,[-4.24360062e-11 -6.11485425e-11  8.23450850e-11],[-4.24360062e-11 -6.11485425e-11  8.23450850e-11],[0.51156074 0.51156074 0.51156074],0.19143705,1.0752597,[-0.10063697  0.07747766 -0.14883544  0.20395148 -0.48881963  0.51118034],[0. 0. 0.],10904,Bird,Triangle,[0.00131074 0.04592791 0.0034004 ],"[[ 1.00000000e+00  1.22959306e-09  5.56986775e-11]
 [ 5.56986770e-11  4.02949453e-10 -1.00000000e+00]
 [ 1.22959306e-09 -1.00000000e+00 -4.02949705e-10]]",[0.04712614 0.00481533 0.02830629],"[[ 0.99778296  0.05959752 -0.02961926]
 [ 0.03938237 -0.16997562  0.98466102]
 [-0.0536488   0.98364446  0.17194587]]","[np.float64(-163.89552252474684), np.float64(14.640345467833773), np.float64(7.648428154093878)]","[np.float32(1.8002261), np.float32(5.6241035), np.float32(7.486628)]"
37,../normshapes/Bird/D00599.obj,../shapes/Bird/D00599.obj,5433,[-1.80213203e-11 -8.99797526e-11  1.00173317e-12],[-1.80213203e-11 -8.99797526e-11  1.00173317e-12],[-0.51068228 -0.51068228 -0.51068228],0.20657043,1.0750442,[-0.02932934  0.07161012 -0.15871887  0.22276644 -0.5008432   0.49915686],[0. 0. 0.],10932,Bird,Triangle,[0.00052188 0.05045275 0.00583027],"[[ 1.00000000e+00  2.91437467e-10 -3.31366867e-10]
 [ 3.31366867e-10 -6.12965560e-10  1.00000000e+00]
 [-2.91437467e-10  1.00000000e+00  6.12965531e-10]]",[0.16913345 0.01957043 0.00286789],"[[ 0.99950033 -0.03046154 -0.00843655]
 [-0.03070697 -0.9990576  -0.03067562]
 [ 0.00749417 -0.03091936  0.99949379]]","[np.float64(-573.509971904427), np.float64(-24.899690801764653), np.float64(8.575229770399405)]","[np.float32(2.2236364), np.float32(15.454243), np.float32(1.3110348)]"
38,../normshapes/Bird/m34.obj,../shapes/Bird/m34.obj,5542,[-2.06062419e-11 -1.92992741e-12 -2.08736747e-10],[-2.06062419e-11 -1.92992741e-12 -2.08736747e-10],[1.05261743 1.05261743 1.05261743],0.21824491,1.1635262,[-0.1379395   0.11360651 -0.27326453  0.2657326  -0.5006593   0.49934074],[0. 0. 0.],11080,Bird,Triangle,[0.0047658  0.01154803 0.04182506],"[[ 1.00000000e+00  8.86723071e-09  2.36759462e-11]
 [ 8.86723071e-09 -1.00000000e+00 -1.84841133e-10]
 [-2.36759446e-11 -1.84841125e-10  1.00000000e+00]]",[0.04000592 0.01263455 0.00487073],"[[-9.99999982e-01  1.87165790e-04 -5.38592743e-06]
 [ 2.19761820e-05  1.45883972e-01  9.89301706e-01]
 [-1.85949155e-04 -9.89301689e-01  1.45883974e-01]]","[np.float64(133.10524751456444), np.float64(12.008332839947109), np.float64(45.55888290606333)]","[np.float32(0.37526232), np.float32(23.574213), np.float32(3.7690723)]"
39,../normshapes/Bird/m37.obj,../shapes/Bird/m37.obj,8000,[ 4.35856691e-10 -5.65697633e-10  7.00831464e-10],[ 4.35856691e-10 -5.65697633e-10  7.00831464e-10],[-1.05263388 -1.05263388 -1.05263388],0.28408855,1.2832743,[-0.14109501  0.2736034  -0.23759516  0.4514754  -0.4958401   0.50415987],[0. 0. 0.],15996,Bird,Triangle,[0.00766758 0.02492635 0.06170055],"[[ 1.00000000e+00  3.25126509e-08  6.50762148e-11]
 [ 3.25126509e-08 -1.00000000e+00  2.76207961e-10]
 [-6.50762238e-11  2.76207961e-10  1.00000000e+00]]",[0.03681454 0.03501052 0.00888005],"[[-9.99831532e-01 -1.83550486e-02 -1.87266801e-05]
 [-4.23062735e-03  2.31442192e-01 -9.72839459e-01]
 [-1.78608497e-02  9.72675487e-01  2.31480855e-01]]","[np.float64(321.3813951275562), np.float64(59.31064610688995), np.float64(266.07459759784876)]","[np.float32(34.54326), np.float32(128.06274), np.float32(10.947014)]"
40,../normshapes/Bird/m41.obj,../shapes/Bird/m41.obj,5041,[-2.60816234e-11 -2.38110440e-11  1.42334387e-10],[-2.60816234e-11 -2.38110440e-11  1.42334387e-10],[1.05263162 1.05263162 1.05263162],0.21973497,1.1096904,[-0.04075908  0.0918179  -0.19426717  0.268157   -0.5002248   0.4997752 ],[0. 0. 0.],10156,Bird,Triangle,[0.0008027  0.00813701 0.05204278],"[[-1.00000000e+00  1.68135333e-09 -1.05664706e-10]
 [ 1.68135333e-09  1.00000000e+00  1.95792935e-11]
 [-1.05664706e-10 -1.95793550e-11  1.00000000e+00]]",[0.04371809 0.00621901 0.00091361],"[[ 9.99999797e-01 -5.91056814e-04  2.39500460e-04]
 [-2.83343254e-04 -7.53281475e-02  9.97158759e-01]
 [ 5.71336352e-04  9.97158624e-01  7.53282996e-02]]","[np.float64(1084.321901175628), np.float64(45.29083493542554), np.float64(336.46182300386107)]","[np.float32(2.410626), np.float32(17.831244), np.float32(0.08975383)]"
41,../normshapes/Bookset/D01009.obj,../shapes/Bookset/D01009.obj,7998,[ 1.36325173e-09 -2.67695653e-09  3.54394993e-10],[ 1.36325173e-09 -2.67695653e-09  3.54394993e-10],[2.25918555 2.25918555 2.25918555],0.31667903,1.4922214,[-0.13449751  0.6234117  -0.36984342  0.43780643 -0.46142375  0.53857625],[0. 0. 0.],35893,Bookset,Triangle,[0.01103153 0.03269289 0.0756817 ],"[[ 1.00000000e+00 -3.05181512e-09  4.84150373e-10]
 [-3.05181512e-09 -1.00000000e+00 -1.85307632e-09]
 [-4.84150378e-10 -1.85307625e-09  1.00000000e+00]]",[0.00650345 0.01547116 0.01761102],"[[-0.00301239 -0.99995118 -0.00941123]
 [-0.99807512  0.00358944 -0.06191255]
 [-0.06194331 -0.00920661  0.99803721]]","[np.float64(189.907627228264), np.float64(21.944606476561386), np.float64(113.28974999999939)]","[np.float32(199.68736), np.float32(117.51858), np.float32(125.224495)]"
42,../normshapes/Bookset/D01030.obj,../shapes/Bookset/D01030.obj,5146,[-2.05632758e-10  5.85409891e-10  4.14489220e-10],[-2.05632758e-10  5.85409891e-10  4.14489220e-10],[-1.79549515 -1.79549515 -1.79549515],0.32636115,1.4194998,[-0.26793218  0.3250527  -0.35796857  0.45649356 -0.4510286   0.5489714 ],[0. 0. 0.],30822,Bookset,Triangle,[0.02814065 0.03352921 0.05227486],"[[ 1.00000000e+00  2.26677892e-08 -2.37521606e-09]
 [ 2.26677891e-08 -1.00000000e+00 -1.24007907e-08]
 [ 2.37521634e-09 -1.24007904e-08  1.00000000e+00]]",[0.02070273 0.01289963 0.01601856],"[[-0.50155067 -0.8281979  -0.25007033]
 [-0.22194684 -0.15620246  0.96246579]
 [ 0.83617374 -0.53822768  0.10547246]]","[np.float64(83.99325524222131), np.float64(40.81366177631782), np.float64(31.561594582324336)]","[np.float32(38.201496), np.float32(115.22467), np.float32(154.49394)]"
43,../normshapes/Bookset/D01065.obj,../shapes/Bookset/D01065.obj,8000,[ 9.56861186e-10 -4.48386345e-10  1.99656370e-10],[ 9.56861186e-10 -4.48386345e-10  1.99656370e-10],[-1.81906438 -1.81906438 -1.81906438],0.3170524,1.3062721,[-0.30563003  0.27824068 -0.18193261  0.42258528 -0.43700075  0.56299925],[0. 0. 0.],41936,Bookset,Triangle,[0.02288373 0.02614417 0.06298199],"[[ 1.00000000e+00 -5.90836018e-08  1.86026889e-09]
 [-5.90836018e-08 -1.00000000e+00 -4.59376961e-09]
 [-1.86026916e-09 -4.59376972e-09  1.00000000e+00]]",[0.01950358 0.01553979 0.01263651],"[[ 0.80951347 -0.58621382  0.03226911]
 [-0.02349801  0.0225686   0.99946911]
 [ 0.58663088  0.80984197 -0.00449472]]","[np.float64(12440.058829710166), np.float64(258.686716236771), np.float64(19.32428346718936)]","[np.float32(2.5494685), np.float32(314.1106), np.float32(32.456104)]"
44,../normshapes/Bookset/D01146.obj,../shapes/Bookset/D01146.obj,7997,[ 9.45798064e-10  2.64576365e-09 -4.07276936e-09],[ 9.45798064e-10  2.64576365e-09 -4.07276936e-09],[-2.39621472 -2.39621472 -2.39621472],0.4003604,1.5426869,[-0.3935906   0.4200357  -0.42086917  0.42641774 -0.49179956  0.5082004 ],[0. 0. 0.],36723,Bookset,Triangle,[0.03472725 0.07692308 0.05293385],"[[ 1.00000000e+00 -2.34086994e-08  2.08869420e-08]
 [-2.08869413e-08  3.01899432e-08  1.00000000e+00]
 [ 2.34087000e-08  1.00000000e+00 -3.01899426e-08]]",[0.0176951  0.00656099 0.00255619],"[[ 0.94717272 -0.29601251  0.1234521 ]
 [-0.28528153 -0.95347693 -0.09744841]
 [-0.14655468 -0.05708187  0.98755424]]","[np.float64(40331.88394533617), np.float64(32821.81449662619), np.float64(239.07759492090727)]","[np.float32(74.700645), np.float32(213.89667), np.float32(66.38154)]"
45,../normshapes/Bookset/D01182.obj,../shapes/Bookset/D01182.obj,8000,[ 2.20064726e-09 -1.09726125e-09  2.09332006e-09],[ 2.20064726e-09 -1.09726125e-09  2.09332006e-09],[3.04780388 3.04780388 3.04780388],0.29630676,1.5469706,[-0.3281186   0.33566707 -0.33374122  0.64222336 -0.44166964  0.5583303 ],[0. 0. 0.],47774,Bookset,Triangle,[0.0140024  0.03645858 0.04912183],"[[-1.00000000e+00 -2.26142261e-08 -6.15002880e-09]
 [-2.26142257e-08  1.00000000e+00 -7.05796752e-08]
 [-6.15003039e-09  7.05796747e-08  1.00000000e+00]]",[0.00194003 0.00655794 0.01263627],"[[-0.93401264  0.34207153 -0.1029925 ]
 [ 0.35303185  0.92793996 -0.11956565]
 [-0.05467085  0.14803547  0.9874698 ]]","[np.float64(-1.857073999471666), np.float64(8.691503435932956), np.float64(18.955329969660696)]","[np.float32(8.664515), np.float32(388.64047), np.float32(67.7156)]"
