,New Path,Orig Path,Vertices,CenterOfMass,Means,Scaling,AverageSize,DiagonalSize,Bounds,Position,Cells,Class,Type,Eigenvalue,Eigenvectors,Prev Eigenvalue,Prev Eigenvectors,FlippingMomentumBefore,FlippingMomentumAfter
0,../normshapes/AircraftBuoyant/m1337.obj,../shapes/AircraftBuoyant/m1337.obj,6653,[-1.12896002e-11  1.00712355e-10  1.30670588e-10],[-1.12896002e-11  1.00712355e-10  1.30670588e-10],[-1.0148046 -1.0148046 -1.0148046],0.4383907,1.589078,[-0.4488738   0.5511263  -0.43685466  0.44677606 -0.39764294  0.46512294],[0. 0. 0.],13184,AircraftBuoyant,Triangle,[0.07025812 0.06141742 0.06171183],"[[-0.88745547 -0.40070658  0.22772138]
 [ 0.00685487  0.48255665  0.87583793]
 [ 0.46084249 -0.77882816  0.42550075]]",[0.10504595 0.04645249 0.04645206],"[[ 1.37932984e-03 -8.60879106e-01  5.08807688e-01]
 [-9.99998671e-01 -1.62945564e-03 -4.60612164e-05]
 [-8.68732693e-04  5.08806948e-01  8.60880209e-01]]","[np.float64(88.30131112660229), np.float64(144.9856320654222), np.float64(87.9379831707377)]","[np.float32(4.593559), np.float32(8.779105), np.float32(51.49395)]"
1,../normshapes/AircraftBuoyant/m1341.obj,../shapes/AircraftBuoyant/m1341.obj,6105,[-8.00986993e-11  1.34864433e-11 -2.78241645e-11],[-8.00986993e-11  1.34864433e-11 -2.78241645e-11],[-1.05263162 -1.05263162 -1.05263162],0.24738903,1.130757,[-0.35629776  0.64370227 -0.18659937  0.18663748 -0.18661702  0.18661983],[0. 0. 0.],12194,AircraftBuoyant,Triangle,[0.06406191 0.00752722 0.00754919],"[[-1.00000000e+00  2.03181429e-05 -5.32836647e-10]
 [ 1.23196968e-10 -2.01612757e-05 -1.00000000e+00]
 [ 2.03181429e-05  1.00000000e+00 -2.01612757e-05]]",[0.08771655 0.00299744 0.00286422],"[[-2.07842920e-04 -9.99999978e-01  1.51565623e-06]
 [-9.99999978e-01  2.07842920e-04 -1.22730395e-08]
 [-1.19580208e-08  1.51565874e-06  1.00000000e+00]]","[np.float64(36.02686909402769), np.float64(199.27876078139917), np.float64(35.941125874888165)]","[np.float32(185.65729), np.float32(0.011998379), np.float32(0.004945485)]"
2,../normshapes/AircraftBuoyant/m1342.obj,../shapes/AircraftBuoyant/m1342.obj,6971,[ 7.36916419e-11 -8.11429489e-11 -4.99766752e-11],[ 7.36916419e-11 -8.11429489e-11 -4.99766752e-11],[-1.09122789 -1.09122789 -1.09122789],0.3440452,1.3639278,[-0.4471203   0.5528797  -0.31758922  0.3247911  -0.24877529  0.42028883],[0. 0. 0.],13868,AircraftBuoyant,Triangle,[0.0765419  0.02537035 0.02562239],"[[-0.91116085 -0.38134479 -0.15608351]
 [-0.00648863  0.39202872 -0.9199301 ]
 [-0.41199977  0.83719152  0.35967563]]",[0.08185583 0.00747886 0.00791175],"[[ 0.0603678  -0.98356147 -0.17018389]
 [-0.99801767 -0.05643591 -0.02785186]
 [-0.01778954 -0.17152788  0.98501864]]","[np.float64(300.46735701748423), np.float64(336.0046999588621), np.float64(238.34148868583705)]","[np.float32(61.891254), np.float32(3.870331), np.float32(111.4226)]"
3,../normshapes/AircraftBuoyant/m1344.obj,../shapes/AircraftBuoyant/m1344.obj,5588,[-3.42575795e-11 -1.14764055e-10  1.27452304e-10],[-3.42575795e-11 -1.14764055e-10  1.27452304e-10],[-1.16901147 -1.16901147 -1.16901147],0.39697295,1.5347533,[-0.45810163  0.54189837 -0.3794547   0.37942865 -0.3676576   0.51527154],[0. 0. 0.],10932,AircraftBuoyant,Triangle,[0.10066827 0.03424939 0.03433394],"[[-7.85868394e-01 -4.85966173e-01 -3.82423517e-01]
 [-3.93217116e-04  6.18806808e-01 -7.85543111e-01]
 [-6.18393655e-01  6.17183128e-01  4.86491803e-01]]",[0.10835615 0.01093409 0.0108532 ],"[[ 1.01636165e-03 -9.99970331e-01  7.63572930e-03]
 [-9.99999434e-01 -1.01874660e-03 -3.08458435e-04]
 [-3.16228156e-04  7.63541147e-03  9.99970800e-01]]","[np.float64(259.46644429520563), np.float64(413.870611667778), np.float64(258.40597443599995)]","[np.float32(99.2601), np.float32(0.08517961), np.float32(130.72984)]"
4,../normshapes/AircraftBuoyant/m1345.obj,../shapes/AircraftBuoyant/m1345.obj,8000,[ 4.92846084e-11 -3.84179657e-11  4.89083050e-11],[ 4.92846084e-11 -3.84179657e-11  4.89083050e-11],[-1.11156332 -1.11156332 -1.11156332],0.34021884,1.4196001,[-0.40611157  0.59388846 -0.36070892  0.41773683 -0.2880172   0.35173795],[0. 0. 0.],15227,AircraftBuoyant,Triangle,[0.07920982 0.02445524 0.022938  ],"[[-0.8701375   0.41806286  0.26092943]
 [ 0.49269264  0.7494923   0.44217107]
 [ 0.0107093  -0.51330764  0.85813786]]",[0.09119675 0.02040059 0.02041466],"[[ 1.11849402e-03  9.99225446e-01 -3.93351922e-02]
 [ 9.99998882e-01 -1.15666234e-03 -9.47590953e-04]
 [ 9.92354528e-04  3.93340884e-02  9.99225623e-01]]","[np.float64(708.256826351511), np.float64(2621.4306924677217), np.float64(708.4397664994787)]","[np.float32(136.7745), np.float32(69.527405), np.float32(13.1258955)]"
5,../normshapes/AircraftBuoyant/m1352.obj,../shapes/AircraftBuoyant/m1352.obj,8000,[ 7.97456323e-12 -1.82944859e-12 -3.01702130e-11],[ 7.97456323e-12 -1.82944859e-12 -3.01702130e-11],[1.05291033 1.05291033 1.05291033],0.27559558,1.1158903,[-0.44244277  0.5575572  -0.17748477  0.19546466 -0.17622189  0.14953855],[0. 0. 0.],15895,AircraftBuoyant,Triangle,[0.06890599 0.00636337 0.01021365],"[[ 9.99929354e-01 -8.56080464e-03  8.24613686e-03]
 [-8.24497504e-03  1.70998160e-04  9.99965995e-01]
 [ 8.56192360e-03  9.99963341e-01 -1.00402459e-04]]",[0.07047498 0.01012987 0.00495225],"[[ 0.99999658 -0.0023833  -0.00107235]
 [-0.00238531 -0.99999539 -0.00187921]
 [ 0.00106786 -0.00188176  0.99999766]]","[np.float64(1819.4790267161288), np.float64(286.88335645341334), np.float64(234.58376811291905)]","[np.float32(63.970043), np.float32(7.4735985), np.float32(1.8723906)]"
6,../normshapes/Apartment/D00310.obj,../shapes/Apartment/D00310.obj,7939,[-1.94027217e-10  5.93587634e-11  3.69319690e-12],[-1.94027217e-10  5.93587634e-11  3.69319690e-12],[-0.55052185 -0.55052185 -0.55052185],0.32034335,1.1972234,[-0.45716685  0.54283315 -0.22328697  0.29432607 -0.20919755  0.1975219 ],[0. 0. 0.],8506,Apartment,Triangle,[0.08557225 0.00786504 0.0229079 ],"[[-9.98836333e-01  4.82283892e-02  4.66780229e-05]
 [ 7.07064250e-06  1.11428993e-03 -9.99999379e-01]
 [ 4.82284112e-02  9.98835713e-01  1.11333428e-03]]",[0.27760058 0.07429363 0.02494206],"[[ 0.99840528 -0.051258   -0.02365413]
 [-0.05083436 -0.99854167  0.01817693]
 [ 0.02455135  0.0169455   0.99955494]]","[np.float64(725.7491051415143), np.float64(75.310039846715), np.float64(-37.28226438825047)]","[np.float32(20.248161), np.float32(29.83978), np.float32(1.2841378)]"
7,../normshapes/Apartment/D00366.obj,../shapes/Apartment/D00366.obj,8000,[-8.23829396e-11  2.46582204e-11 -8.39145287e-11],[-8.23829396e-11  2.46582204e-11 -8.39145287e-11],[-0.62438673 -0.62438673 -0.62438673],0.396565,1.375684,[-0.4950566   0.50494343 -0.34455442  0.37413543 -0.30142203  0.31175947],[0. 0. 0.],15927,Apartment,Triangle,[0.08846493 0.0484583  0.02919509],"[[ 9.98612090e-01  4.66493924e-02  2.44484866e-02]
 [ 4.66209346e-02 -9.98911150e-01  1.73300291e-03]
 [-2.45027094e-02  5.90786356e-04  9.99699589e-01]]",[0.20970553 0.1047377  0.08072606],"[[ 0.99661581  0.07339569  0.03701341]
 [ 0.08181126 -0.92941841 -0.35984488]
 [-0.00798988 -0.36165521  0.93227768]]","[np.float64(-106.83226312316168), np.float64(-129.58398059235523), np.float64(0.3135948308215266)]","[np.float32(99.70099), np.float32(36.668148), np.float32(10.877243)]"
8,../normshapes/Apartment/D00496.obj,../shapes/Apartment/D00496.obj,7737,[ 3.00419842e-10 -8.39673909e-11 -2.53326895e-10],[ 3.00419842e-10 -8.39673909e-11 -2.53326895e-10],[0.54751498 0.54751498 0.54751498],0.28413638,1.4688451,[-0.36253446  0.6374656  -0.3286042   0.31029192 -0.40198416  0.46364728],[0. 0. 0.],4956,Apartment,Triangle,[0.01438023 0.03568157 0.03772224],"[[ 0.05078985  0.8856483  -0.46157066]
 [ 0.9000241  -0.24090668 -0.36320875]
 [ 0.43287067  0.3969774   0.80934042]]",[0.04797047 0.11902877 0.12583616],"[[ 5.27407648e-02  9.10681880e-01 -4.09727868e-01]
 [ 2.31046565e-02  4.09076259e-01  9.12207646e-01]
 [-9.98340917e-01  5.75771505e-02 -5.34002712e-04]]","[np.float64(31.02537890692893), np.float64(-1.2808987741087714), np.float64(-43.93735668899396)]","[np.float32(14.491168), np.float32(5.701565), np.float32(4.708657)]"
9,../normshapes/Apartment/D00639.obj,../shapes/Apartment/D00639.obj,8000,[ 3.72783688e-11  5.82144821e-12 -1.62490323e-11],[ 3.72783688e-11  5.82144821e-12 -1.62490323e-11],[-0.56836498 -0.56836498 -0.56836498],0.3097533,1.3510505,[-0.4723926   0.5276074  -0.3145435   0.35063875 -0.29679605  0.32196888],[0. 0. 0.],14790,Apartment,Triangle,[0.06473692 0.02348575 0.01675188],"[[ 0.9623578  -0.20925037  0.17344092]
 [-0.20504604 -0.97784995 -0.04201893]
 [-0.17839168 -0.00487387  0.98394749]]",[0.19643149 0.05736936 0.08108464],"[[ 0.98329075  0.18155036  0.01337046]
 [ 0.03728557 -0.12896214 -0.99094831]
 [ 0.17818274 -0.97488883  0.13357649]]","[np.float64(1292.2506364629287), np.float64(-89.00648720205788), np.float64(-462.96675254221947)]","[np.float32(46.0038), np.float32(13.444071), np.float32(6.696581)]"
10,../normshapes/Apartment/D00869.obj,../shapes/Apartment/D00869.obj,8000,[1.78377377e-10 5.36692824e-11 6.59981652e-11],[1.78377377e-10 5.36692824e-11 6.59981652e-11],[0.61422193 0.61422193 0.61422193],0.4196627,1.3285208,[-0.48812565  0.5118743  -0.32650596  0.32944554 -0.3150358   0.26349273],[0. 0. 0.],14538,Apartment,Triangle,[0.11330931 0.02797013 0.04516757],"[[ 0.99907499 -0.04279969 -0.00416558]
 [-0.00397984  0.00442412 -0.99998229]
 [-0.04281736 -0.99907388 -0.00424969]]",[0.26627842 0.12188595 0.07982689],"[[ 0.99061291  0.13211515 -0.03509488]
 [ 0.13542341 -0.9834532   0.12033415]
 [ 0.0186162   0.12395723  0.99211292]]","[np.float64(-1172.1111376395986), np.float64(461.4886834309346), np.float64(635.9241987287398)]","[np.float32(44.60538), np.float32(2.8054547), np.float32(15.466099)]"
11,../normshapes/Apartment/D00921.obj,../shapes/Apartment/D00921.obj,7801,[ 9.41630725e-11 -1.85534121e-11 -1.45854281e-10],[ 9.41630725e-11 -1.85534121e-11 -1.45854281e-10],[-0.58796918 -0.58796918 -0.58796918],0.25211883,1.2645471,[-0.3712556   0.6287444  -0.27475634  0.33941498 -0.13903229  0.33200157],[0. 0. 0.],7206,Apartment,Triangle,[0.03488204 0.02086672 0.01906464],"[[ 0.97545376  0.20772304  0.07308281]
 [ 0.20694188 -0.97818418  0.01818695]
 [-0.0752663   0.00261664  0.99716004]]",[0.08220139 0.05114192 0.06151274],"[[ 0.94408494  0.31905307 -0.08311902]
 [ 0.21163008 -0.77973161 -0.58926337]
 [ 0.25281682 -0.53872418  0.8036541 ]]","[np.float64(676.786356128754), np.float64(-273.7903167207753), np.float64(-216.24194858563487)]","[np.float32(113.312), np.float32(5.078407), np.float32(70.76527)]"
12,../normshapes/AquaticAnimal/m55.obj,../shapes/AquaticAnimal/m55.obj,7997,[-1.50364028e-11 -9.89184953e-12 -4.85634005e-11],[-1.50364028e-11 -9.89184953e-12 -4.85634005e-11],[1.05497575 1.05497575 1.05497575],0.25473344,1.0820107,[-0.17863196  0.19754986 -0.07990092  0.09107984 -0.34891823  0.65108174],[0. 0. 0.],15757,AquaticAnimal,Triangle,[0.07456203 0.00449699 0.00131259],"[[ 0.05347014 -0.99665445 -0.06181302]
 [-0.0867614  -0.06630436  0.99402022]
 [ 0.99479315  0.04778742  0.09001644]]",[0.05669037 0.00118698 0.00413497],"[[ 0.0615859   0.99809744 -0.00294422]
 [ 0.01668159 -0.00397871 -0.99985294]
 [ 0.99796237 -0.06152773  0.01689488]]","[np.float64(369.7414535376221), np.float64(1324.9438134951183), np.float64(19325.178322041706)]","[np.float32(8.897088), np.float32(2.1103208), np.float32(300.09555)]"
13,../normshapes/AquaticAnimal/m57.obj,../shapes/AquaticAnimal/m57.obj,7999,[ 3.94638154e-11 -5.08743980e-12 -1.12354830e-11],[ 3.94638154e-11 -5.08743980e-12 -1.12354830e-11],[1.05326164 1.05326164 1.05326164],0.24105974,1.0784726,[-0.18518046  0.19881292 -0.06052709  0.06458142 -0.34964943  0.6503506 ],[0. 0. 0.],15819,AquaticAnimal,Triangle,[0.06512595 0.00568876 0.00076604],"[[ 0.04782114 -0.99884593  0.00446701]
 [-0.05338459  0.00190993  0.9985722 ]
 [ 0.99742831  0.04799133  0.05323164]]",[0.00068347 0.05013035 0.00591201],"[[-9.99998930e-01 -1.84669139e-04  1.45138392e-03]
 [-1.43903029e-03 -5.49999465e-02 -9.98485320e-01]
 [-2.64215463e-04  9.98486340e-01 -5.49996219e-02]]","[np.float64(285.332467901635), np.float64(1510.0921575860268), np.float64(18142.357939306545)]","[np.float32(12.093063), np.float32(2.1866415), np.float32(218.2618)]"
14,../normshapes/AquaticAnimal/m63.obj,../shapes/AquaticAnimal/m63.obj,8000,[-1.53762812e-10 -1.34328104e-11 -1.61607971e-11],[-1.53762812e-10 -1.34328104e-11 -1.61607971e-11],[1.01292133 1.01292133 1.01292133],0.30384243,1.4406635,[-0.37884492  0.62115514 -0.3003336   0.40486112 -0.35774258  0.40265974],[0. 0. 0.],15853,AquaticAnimal,Triangle,[0.05078108 0.02133366 0.02565173],"[[ 0.99844608 -0.05567796 -0.00232254]
 [-0.00159371  0.01313094 -0.99991252]
 [-0.05570359 -0.99836243 -0.0130218 ]]",[0.04384779 0.01902393 0.01444088],"[[ 0.94940246  0.31405971  0.0012082 ]
 [ 0.31397362 -0.94921943  0.02007576]
 [-0.00745183  0.01868064  0.99979773]]","[np.float64(242.21760847228185), np.float64(219.65784864635296), np.float64(320.6140565514542)]","[np.float32(106.43343), np.float32(27.7881), np.float32(25.815496)]"
15,../normshapes/AquaticAnimal/m72.obj,../shapes/AquaticAnimal/m72.obj,5037,[ 2.26099805e-11  1.23811534e-10 -1.05972293e-12],[ 2.26099805e-11  1.23811534e-10 -1.05972293e-12],[1.04980254 1.04980254 1.04980254],0.2290171,1.1257153,[-0.08030336  0.16954824 -0.48493472  0.5150652  -0.22221904  0.23033945],[0. 0. 0.],10034,AquaticAnimal,Triangle,[0.06061026 0.00224899 0.00456789],"[[ 0.02543761  0.99967054 -0.00342525]
 [ 0.99939061 -0.02534826  0.02399731]
 [-0.02390258  0.0040336   0.99970616]]",[0.07777543 0.00433456 0.00190725],"[[ 3.50502440e-04  9.99997472e-01 -2.22110491e-03]
 [ 1.88060040e-02  2.21412071e-03  9.99820700e-01]
 [-9.99823090e-01  3.92209703e-04  1.88051804e-02]]","[np.float64(36.3158515462477), np.float64(7.115922992298446), np.float64(241.17686512184667)]","[np.float32(3.7555904), np.float32(85.23774), np.float32(1.0478604)]"
16,../normshapes/AquaticAnimal/m73.obj,../shapes/AquaticAnimal/m73.obj,5687,[ 6.55718972e-11 -7.27558979e-11 -2.84252678e-11],[ 6.55718972e-11 -7.27558979e-11 -2.84252678e-11],[1.04781473 1.04781473 1.04781473],0.28323048,1.2143778,[-0.5016141   0.49838582 -0.2481684   0.33433682 -0.18395379  0.18401517],[0. 0. 0.],11376,AquaticAnimal,Triangle,[0.0742737  0.00474045 0.01614793],"[[-9.99999923e-01 -3.92512645e-04  1.76019058e-06]
 [-1.69985956e-06  8.81495580e-03  9.99961148e-01]
 [ 3.92512911e-04 -9.99961070e-01  8.81495579e-03]]",[0.10172234 0.01648472 0.0042793 ],"[[ 9.99010901e-01 -4.44516634e-02 -1.12618950e-03]
 [-4.44516909e-02 -9.99011535e-01  6.15001240e-07]
 [ 1.12510364e-03 -4.94466347e-05  9.99999366e-01]]","[np.float64(176.038524760086), np.float64(50.502427875999444), np.float64(24.721613606759995)]","[np.float32(64.67739), np.float32(21.741648), np.float32(0.12535532)]"
17,../normshapes/AquaticAnimal/m79.obj,../shapes/AquaticAnimal/m79.obj,5655,[ 8.70335768e-11  2.46475477e-11 -2.57444095e-11],[ 8.70335768e-11  2.46475477e-11 -2.57444095e-11],[-1.03599322 -1.03599322 -1.03599322],0.20852882,1.0757232,[-0.47454402  0.52545595 -0.11423475  0.1680205  -0.14020891  0.13820158],[0. 0. 0.],10856,AquaticAnimal,Triangle,[0.05552798 0.00138979 0.00163663],"[[-0.98642765  0.12923863 -0.10128114]
 [ 0.10237242  0.00181156 -0.99474449]
 [ 0.12837594  0.99161187  0.01501745]]",[0.06341259 0.00138989 0.0016271 ],"[[ 0.99363008 -0.11184406  0.01379056]
 [-0.00571812 -0.17225672 -0.9850355 ]
 [-0.11254589 -0.97868204  0.17179899]]","[np.float64(87.32253958146576), np.float64(1.904288937413443), np.float64(7.99533867367711)]","[np.float32(29.157513), np.float32(2.3561413), np.float32(0.5635466)]"
18,../normshapes/Bed/D00031.obj,../shapes/Bed/D00031.obj,7996,[ 8.88033539e-11 -1.37132374e-10 -1.39017562e-11],[ 8.88033539e-11 -1.37132374e-10 -1.39017562e-11],[-0.63799602 -0.63799602 -0.63799602],0.43875983,1.3837742,[-0.41531575  0.58468425 -0.43726647  0.45185667 -0.14965498  0.20289442],[0. 0. 0.],15510,Bed,Triangle,[0.11416611 0.00411183 0.08448144],"[[-9.99988226e-01 -4.85217482e-03 -6.52307697e-05]
 [-6.56545517e-05  8.71793226e-05  9.99999994e-01]
 [ 4.85216910e-03 -9.99988224e-01  8.74968635e-05]]",[0.01236356 0.28520725 0.22218709],"[[-0.04008442 -0.9982518  -0.04343481]
 [ 0.03262356  0.04213906 -0.99857899]
 [-0.99866358  0.04144445 -0.03087741]]","[np.float64(-142.3653010797339), np.float64(123.45691735256985), np.float64(21.865931720235885)]","[np.float32(262.19553), np.float32(7.0569186), np.float32(15.23806)]"
19,../normshapes/Bed/D00121.obj,../shapes/Bed/D00121.obj,8000,[ 4.19095159e-11  1.58092007e-10 -3.96526048e-11],[ 4.19095159e-11  1.58092007e-10 -3.96526048e-11],[-0.66155732 -0.66155732 -0.66155732],0.5037789,1.4290938,[-0.4101825   0.58981746 -0.39426196  0.39329067 -0.17476591  0.4749032 ],[0. 0. 0.],11565,Bed,Triangle,[0.17773076 0.01284872 0.06832899],"[[ 0.98910463 -0.14707265 -0.00645438]
 [-0.00411754  0.01618791 -0.99986049]
 [-0.14715662 -0.98899322 -0.01540595]]",[0.38759629 0.15339093 0.03031534],"[[ 0.97536658  0.20549266 -0.08020478]
 [ 0.21046069 -0.97580213  0.05930003]
 [ 0.06607827  0.07471922  0.99501291]]","[np.float64(-4429.8669172676655), np.float64(1992.7928670523386), np.float64(1700.7484172688494)]","[np.float32(255.21307), np.float32(10.832945), np.float32(46.915684)]"
20,../normshapes/Bed/D00538.obj,../shapes/Bed/D00538.obj,7136,[-6.26450162e-11  1.23201865e-10  1.50668197e-11],[-6.26450162e-11  1.23201865e-10  1.50668197e-11],[-0.61707395 -0.61707395 -0.61707395],0.5610211,1.2729226,[-0.4999958   0.50000423 -0.3385634   0.33845705 -0.16664891  0.23581287],[0. 0. 0.],14188,Bed,Triangle,[0.22467473 0.01600743 0.07475455],"[[ 0.99954479  0.02089236  0.02176532]
 [ 0.02179456 -0.00117281 -0.99976178]
 [ 0.02086185 -0.99978104  0.00162761]]",[0.59003775 0.04203848 0.19631938],"[[ 0.99558751  0.05642147  0.07498085]
 [ 0.07730096 -0.04012556 -0.99620003]
 [ 0.05319842 -0.9976004   0.04430994]]","[np.float64(-106.83726256879339), np.float64(1363.2614688424817), np.float64(485.4132804843086)]","[np.float32(0.41173828), np.float32(0.05556956), np.float32(19.402973)]"
21,../normshapes/Bed/D00735.obj,../shapes/Bed/D00735.obj,8000,[ 1.13737769e-10 -5.74182195e-11  4.76427431e-12],[ 1.13737769e-10 -5.74182195e-11  4.76427431e-12],[-0.62032521 -0.62032521 -0.62032521],0.42246082,1.3121414,[-0.48887882  0.51112115 -0.3352321   0.34351048 -0.22931407  0.28159073],[0. 0. 0.],15408,Bed,Triangle,[0.13609595 0.00661645 0.04953388],"[[ 0.99146993  0.13016363  0.00669455]
 [ 0.00489081  0.01417217 -0.99988761]
 [ 0.13024388 -0.99139123 -0.01341468]]",[0.22168637 0.11605561 0.01230235],"[[ 0.97562333 -0.21766996 -0.02790903]
 [-0.21428134 -0.97234514  0.09288932]
 [ 0.04735643  0.0846446   0.99528522]]","[np.float64(-2.213308268378734), np.float64(41.11118650564759), np.float64(5.543361799291225)]","[np.float32(71.56575), np.float32(10.16397), np.float32(27.612724)]"
22,../normshapes/Bed/m948.obj,../shapes/Bed/m948.obj,8000,[ 4.27316991e-11 -9.63373168e-11 -1.65764504e-11],[ 4.27316991e-11 -9.63373168e-11 -1.65764504e-11],[-0.83614784 -0.83614784 -0.83614784],0.4851227,1.676623,[-0.48975125  0.48872873 -0.4020348   0.52189255 -0.43665373  0.5633462 ],[0. 0. 0.],15844,Bed,Triangle,[0.05120606 0.10930522 0.09038665],"[[-0.14261761  0.97554193  0.16726672]
 [ 0.01227154  0.170724   -0.98524247]
 [ 0.98970179  0.1384603   0.03631965]]",[0.098634   0.13901924 0.17409414],"[[-0.14074129 -0.9832638  -0.11569003]
 [-0.98940613  0.14388857 -0.01927678]
 [-0.03560064 -0.11175138  0.99309829]]","[np.float64(3612.9406491645695), np.float64(2708.244555609027), np.float64(3161.1734636437322)]","[np.float32(16.322042), np.float32(189.89282), np.float32(257.03168)]"
23,../normshapes/Bed/m950.obj,../shapes/Bed/m950.obj,8000,[ 1.80763891e-10  1.50972284e-11 -8.37826519e-12],[ 1.80763891e-10  1.50972284e-11 -8.37826519e-12],[0.89675772 0.89675772 0.89675772],0.47408906,1.6312112,[-0.39992478  0.46354178 -0.46343192  0.5365681  -0.49665424  0.46004602],[0. 0. 0.],15898,Bed,Triangle,[0.10422983 0.06519735 0.06052787],"[[ 9.99130376e-01 -4.04673834e-02 -1.00440050e-02]
 [-4.04721280e-02 -9.99180631e-01 -2.69488731e-04]
 [ 1.00248697e-02 -6.75756631e-04  9.99949521e-01]]",[0.09869962 0.13116542 0.17607954],"[[ 9.99999994e-01  1.05313186e-04  3.95088175e-05]
 [ 1.07614253e-04 -9.97972517e-01 -6.36462419e-02]
 [-3.27259255e-05 -6.36462457e-02  9.97972522e-01]]","[np.float64(178.14287775329217), np.float64(229.61050585832484), np.float64(291.6444529077832)]","[np.float32(82.35988), np.float32(84.43431), np.float32(12.020649)]"
24,../normshapes/Bicycle/D00555.obj,../shapes/Bicycle/D00555.obj,7980,[-4.45419901e-11  8.43721595e-11 -4.16196971e-11],[-4.45419901e-11  8.43721595e-11 -4.16196971e-11],[-0.52059025 -0.52059025 -0.52059025],0.2863091,1.2531022,[-0.49348572  0.5065143  -0.34196842  0.32269862 -0.1717783   0.18666655],[0. 0. 0.],14588,Bicycle,Triangle,[0.06867077 0.00181033 0.02265736],"[[-9.99921142e-01 -1.25582183e-02  1.92961567e-05]
 [-1.28506706e-05 -5.13328943e-04 -9.99999868e-01]
 [-1.25582266e-02  9.99921011e-01 -5.13127082e-04]]",[0.26819921 0.0816824  0.00659577],"[[ 0.99967402 -0.02499975  0.00518269]
 [-0.02502097 -0.99967864  0.00406984]
 [-0.00507928  0.00419819  0.99997829]]","[np.float64(1354.887979980019), np.float64(3885.651039644661), np.float64(173.29322680563106)]","[np.float32(45.33849), np.float32(33.18426), np.float32(0.643173)]"
25,../normshapes/Bicycle/D00904.obj,../shapes/Bicycle/D00904.obj,5354,[-2.65272119e-11 -2.23864460e-10 -1.65618222e-11],[-2.65272119e-11 -2.23864460e-10 -1.65618222e-11],[-0.53433996 -0.53433996 -0.53433996],0.31978983,1.2392488,[-0.43867317  0.5613268  -0.28202957  0.41995117 -0.10169461  0.10557491],[0. 0. 0.],10548,Bicycle,Triangle,[0.08501783 0.00075302 0.02721382],"[[-9.99977442e-01 -6.71679227e-03 -1.38612942e-05]
 [-1.67226256e-05  4.25940735e-04  9.99999909e-01]
 [ 6.71678576e-03 -9.99977351e-01  4.26043449e-04]]",[0.29776572 0.09531344 0.00263736],"[[ 0.99198194  0.12634241  0.00307079]
 [ 0.12632712 -0.99197728  0.00474807]
 [-0.00364604  0.00432208  0.99998401]]","[np.float64(576.7680892779729), np.float64(711.6906177295936), np.float64(-0.45472805140721617)]","[np.float32(90.71689), np.float32(29.330704), np.float32(0.2916956)]"
26,../normshapes/Bicycle/D00931.obj,../shapes/Bicycle/D00931.obj,8000,[ 1.61244316e-11  5.54828148e-11 -4.73136197e-12],[ 1.61244316e-11  5.54828148e-11 -4.73136197e-12],[0.56090057 0.56090057 0.56090057],0.2776109,1.2039602,[-0.47858274  0.52141726 -0.30086127  0.2951187  -0.14816453  0.15896392],[0. 0. 0.],14722,Bicycle,Triangle,[0.06941914 0.00123761 0.02036919],"[[ 9.97378135e-01  4.57692582e-02  5.60538223e-02]
 [ 5.59914545e-02  2.64454604e-03 -9.98427746e-01]
 [ 4.58455342e-02 -9.98948538e-01 -7.49250519e-05]]",[0.21226612 0.06341378 0.00665509],"[[ 0.98330698 -0.17433     0.05211944]
 [-0.16051367 -0.96598822 -0.20273658]
 [-0.08568983 -0.19098641  0.97784531]]","[np.float64(-1638.2277929355937), np.float64(2367.042641153513), np.float64(-906.7229443059965)]","[np.float32(71.46409), np.float32(39.12438), np.float32(2.9751017)]"
27,../normshapes/Bicycle/m1473.obj,../shapes/Bicycle/m1473.obj,7986,[-1.73143374e-11  8.76409070e-11 -3.23196049e-12],[-1.73143374e-11  8.76409070e-11 -3.23196049e-12],[-1.05486619 -1.05486619 -1.05486619],0.27040622,1.2039502,[-0.45991683  0.5400832  -0.2807494   0.3163404  -0.15225339  0.15267266],[0. 0. 0.],16156,Bicycle,Triangle,[0.0675371  0.00074272 0.01465337],"[[-9.99996720e-01  2.56131609e-03  7.17821464e-06]
 [ 7.40389581e-06  8.81019356e-05  9.99999996e-01]
 [-2.56131544e-03 -9.99996716e-01  8.81206103e-05]]",[0.08090855 0.0156622  0.00069701],"[[ 9.98809830e-01  4.87735546e-02  2.53783695e-04]
 [ 4.87722037e-02 -9.98802375e-01  3.88423066e-03]
 [-4.42927493e-04  3.86723018e-03  9.99992424e-01]]","[np.float64(1506.5890310060151), np.float64(326.4964440706616), np.float64(131.45740975809295)]","[np.float32(96.71082), np.float32(6.9589562), np.float32(0.22223614)]"
28,../normshapes/Bicycle/m1475.obj,../shapes/Bicycle/m1475.obj,6049,[-1.39702235e-10 -7.21894317e-11 -1.67067967e-11],[-1.39702235e-10 -7.21894317e-11 -1.67067967e-11],[-1.11623061 -1.11623061 -1.11623061],0.23196474,1.2593948,[-0.50146824  0.49853176 -0.35192505  0.37764236 -0.11289699  0.11906566],[0. 0. 0.],12232,Bicycle,Triangle,[0.05676891 0.00115303 0.01692622],"[[-9.99941653e-01 -1.08005653e-02  1.94206716e-04]
 [-2.17355680e-04  2.14217787e-03 -9.99997682e-01]
 [-1.08001242e-02  9.99939378e-01  2.14440045e-03]]",[0.04556199 0.01358477 0.0009254 ],"[[ 0.92423417  0.38182153 -0.00187272]
 [ 0.38161575 -0.92355104  0.03772122]
 [-0.01267323  0.0355779   0.99928655]]","[np.float64(3336.0864761799885), np.float64(763.3835731599454), np.float64(238.6301768007921)]","[np.float32(177.0314), np.float32(43.941067), np.float32(2.5609531)]"
29,../normshapes/Bicycle/m1476.obj,../shapes/Bicycle/m1476.obj,7994,[-1.82590675e-10  1.99670153e-11 -6.34225788e-12],[-1.82590675e-10  1.99670153e-11 -6.34225788e-12],[1.05087519 1.05087519 1.05087519],0.2720385,1.196078,[-0.4667297   0.5332703  -0.26501447  0.32424998 -0.14356971  0.14516895],[0. 0. 0.],16032,Bicycle,Triangle,[0.06994341 0.01753842 0.00044631],"[[ 0.99455047  0.10380274 -0.0097136 ]
 [ 0.10384322 -0.99458658  0.00375885]
 [ 0.00927084  0.00474706  0.99994576]]",[0.00109771 0.02122927 0.0652218 ],"[[-0.99989768  0.01420754 -0.00166557]
 [ 0.01393672  0.99378499  0.1104408 ]
 [-0.00322431 -0.11040628  0.99388131]]","[np.float64(23.981195386071988), np.float64(87.55084386366806), np.float64(303.8349933446284)]","[np.float32(95.67117), np.float32(47.209126), np.float32(0.90580016)]"
30,../normshapes/Biplane/D00276.obj,../shapes/Biplane/D00276.obj,7999,[ 1.73817070e-10 -1.21430448e-11  2.73528343e-11],[ 1.73817070e-10 -1.21430448e-11  2.73528343e-11],[-0.58259732 -0.58259732 -0.58259732],0.3158842,1.4642504,[-0.46720877  0.5327912  -0.3472163   0.5287852  -0.30063772  0.313081  ],[0. 0. 0.],15895,Biplane,Triangle,[0.01254971 0.05896476 0.04236383],"[[-0.41781721  0.90850239  0.00722369]
 [ 0.13602504  0.07041484 -0.98819985]
 [ 0.89829058  0.4119043   0.15299961]]",[0.0438167  0.11934581 0.13616973],"[[ 1.78816032e-01 -9.08726575e-01 -3.77148298e-01]
 [ 7.49182741e-04  3.83452201e-01 -9.23560419e-01]
 [-9.83882242e-01 -1.64864856e-01 -6.92482032e-02]]","[np.float64(-169.43234961467383), np.float64(-0.3635522704604415), np.float64(37.37930070591081)]","[np.float32(13.733482), np.float32(172.05461), np.float32(1.9216355)]"
31,../normshapes/Biplane/D00277.obj,../shapes/Biplane/D00277.obj,8000,[4.37557901e-11 5.68525138e-12 2.59092019e-11],[4.37557901e-11 5.68525138e-12 2.59092019e-11],[0.53368098 0.53368098 0.53368098],0.16957937,1.2644956,[-0.24657018  0.48289484 -0.46706447  0.5329355  -0.12703891  0.13147578],[0. 0. 0.],14363,Biplane,Triangle,[0.02060846 0.00367747 0.01779087],"[[-9.99812810e-01 -1.93396744e-02 -5.67151574e-04]
 [-5.79132179e-04  6.13888270e-04  9.99999644e-01]
 [ 1.93393193e-02 -9.99812783e-01  6.24973584e-04]]",[0.07170708 0.01124457 0.04238678],"[[ 0.99973644 -0.0161532   0.01631323]
 [-0.01519528  0.06706694  0.99763276]
 [ 0.01720904  0.99761771 -0.06680381]]","[np.float64(296.5880269033036), np.float64(-641.1597579002422), np.float64(26.91917037045942)]","[np.float32(177.41422), np.float32(14.760509), np.float32(1.032762)]"
32,../normshapes/Biplane/D00320.obj,../shapes/Biplane/D00320.obj,8000,[ 6.38630127e-11  1.47180117e-11 -4.56442422e-11],[ 6.38630127e-11  1.47180117e-11 -4.56442422e-11],[-0.5063619 -0.5063619 -0.5063619],0.18941185,1.1863912,[-0.49961594  0.5003841  -0.19627862  0.40092558 -0.08327756  0.1422692 ],[0. 0. 0.],15232,Biplane,Triangle,[0.02670517 0.0030421  0.01847088],"[[ 9.99999029e-01  9.82156188e-04 -9.88508811e-04]
 [ 9.88498653e-04  1.08278450e-05  9.99999511e-01]
 [-9.82166412e-04  9.99999518e-01 -9.85697437e-06]]",[0.01051447 0.09234232 0.07408992],"[[-0.01151524  0.99987445 -0.0108849 ]
 [-0.00368847  0.01084307  0.99993441]
 [-0.99992689 -0.01155463 -0.00356315]]","[np.float64(-12.101928762852191), np.float64(-123.82882083118645), np.float64(70.33495012017889)]","[np.float32(0.9270224), np.float32(99.43299), np.float32(4.508842)]"
33,../normshapes/Biplane/m1134.obj,../shapes/Biplane/m1134.obj,5352,[-1.01636543e-10  9.62239277e-11  2.36686140e-12],[-1.01636543e-10  9.62239277e-11  2.36686140e-12],[-1.0521965 -1.0521965 -1.0521965],0.25727308,1.1493675,[-0.49997732  0.50002277 -0.19025548  0.35447353 -0.05555968  0.10037501],[0. 0. 0.],10672,Biplane,Triangle,[0.07053151 0.00926963 0.00164016],"[[-9.99991085e-01 -4.22244668e-03  6.41737653e-06]
 [-4.22243620e-03  9.99982192e-01 -4.21749754e-03]
 [-1.13908963e-05  4.21748704e-03  9.99991106e-01]]",[0.02309563 0.00115562 0.04855151],"[[-9.99127983e-01  4.17521112e-02 -1.85978574e-04]
 [-1.86380508e-04 -5.73407892e-06  9.99999983e-01]
 [-4.17521094e-02 -9.99128000e-01 -1.35108584e-05]]","[np.float64(30.630870388585183), np.float64(138.49813805798155), np.float64(3.1973093614889954)]","[np.float32(0.43922314), np.float32(63.037277), np.float32(0.6953149)]"
34,../normshapes/Biplane/m1143.obj,../shapes/Biplane/m1143.obj,7220,[-2.24917284e-11  5.74362280e-11 -1.62368738e-11],[-2.24917284e-11  5.74362280e-11 -1.62368738e-11],[1.11912811 1.11912811 1.11912811],0.26812527,1.1794854,[-0.5121205   0.48787957 -0.31541947  0.27481025 -0.08190639  0.12501119],[0. 0. 0.],21240,Biplane,Triangle,[0.06939736 0.0090046  0.00438206],"[[ 9.02330190e-01 -3.89197887e-01 -1.85270699e-01]
 [-4.31044946e-01 -8.14034770e-01 -3.89291212e-01]
 [-6.94526148e-04 -4.31129212e-01  9.02289931e-01]]",[0.02036339 0.00342241 0.02885719],"[[-9.97539057e-01 -7.01129433e-02 -6.96054214e-05]
 [ 7.61332709e-05 -9.04325220e-05 -9.99999993e-01]
 [-7.01129365e-02  9.97539055e-01 -9.55479005e-05]]","[np.float64(364.5690790190142), np.float64(1825.6317208846353), np.float64(91.27709932406317)]","[np.float32(40.20975), np.float32(54.69612), np.float32(11.087629)]"
35,../normshapes/Biplane/m1144.obj,../shapes/Biplane/m1144.obj,8000,[ 2.65963536e-11 -1.02299055e-10  3.35579813e-11],[ 2.65963536e-11 -1.02299055e-10  3.35579813e-11],[1.0541538 1.0541538 1.0541538],0.2250122,1.2707177,[-0.49648684  0.5035131  -0.2373412   0.5000084  -0.09021262  0.17631903],[0. 0. 0.],15500,Biplane,Triangle,[0.03404438 0.00460661 0.02762698],"[[-9.99957605e-01 -9.20551616e-03 -2.14452378e-04]
 [-2.08548112e-04 -6.42338577e-04  9.99999772e-01]
 [ 9.20565181e-03 -9.99957422e-01 -6.40391552e-04]]",[0.01890751 0.02194818 0.00529078],"[[-0.99870804  0.04966963  0.01073194]
 [ 0.04812495  0.9923028  -0.11410149]
 [ 0.01631671  0.1134376   0.99341113]]","[np.float64(1780.7727069621337), np.float64(376.760709643284), np.float64(260.7302513174775)]","[np.float32(36.556324), np.float32(174.90698), np.float32(16.60115)]"
36,../normshapes/Bird/D00546.obj,../shapes/Bird/D00546.obj,5663,[-1.76131687e-11 -4.79220034e-11 -1.17452175e-11],[-1.76131687e-11 -4.79220034e-11 -1.17452175e-11],[-0.51290005 -0.51290005 -0.51290005],0.19193825,1.0795612,[-0.48968473  0.51031524 -0.14945407  0.20423311 -0.11010773  0.09078467],[0. 0. 0.],10904,Bird,Triangle,[0.04616871 0.00341823 0.00131762],"[[ 9.98071886e-01  4.50536504e-02 -4.26928381e-02]
 [ 4.49886474e-02 -9.98984413e-01 -2.48262604e-03]
 [ 4.27613312e-02 -5.57146218e-04  9.99085161e-01]]",[0.04712614 0.00481533 0.02830629],"[[ 0.99778296  0.05959752 -0.02961926]
 [ 0.03938237 -0.16997562  0.98466102]
 [-0.0536488   0.98364446  0.17194587]]","[np.float64(-163.89552252474684), np.float64(14.640345467833773), np.float64(7.648428154093878)]","[np.float32(10.387227), np.float32(5.0363426), np.float32(1.8373786)]"
37,../normshapes/Bird/D00599.obj,../shapes/Bird/D00599.obj,5433,[-2.69539084e-11  2.46583047e-11  1.39839205e-11],[-2.69539084e-11  2.46583047e-11  1.39839205e-11],[0.51075029 0.51075029 0.51075029],0.20659795,1.0757458,[-0.5011721   0.49882787 -0.1587226   0.22278938 -0.036408    0.07165467],[0. 0. 0.],10932,Bird,Triangle,[0.05046619 0.00052202 0.00583182],"[[ 9.99862840e-01  1.65608251e-02 -2.02242557e-04]
 [ 1.97834281e-04  2.67824815e-04  9.99999945e-01]
 [-1.65608784e-02  9.99862824e-01 -2.64511781e-04]]",[0.16913345 0.01957043 0.00286789],"[[ 0.99950033 -0.03046154 -0.00843655]
 [-0.03070697 -0.9990576  -0.03067562]
 [ 0.00749417 -0.03091936  0.99949379]]","[np.float64(-573.509971904427), np.float64(-24.899690801764653), np.float64(8.575229770399405)]","[np.float32(0.58565044), np.float32(15.458921), np.float32(2.1001022)]"
38,../normshapes/Bird/m34.obj,../shapes/Bird/m34.obj,5542,[6.28683700e-11 1.08768313e-10 7.41771538e-11],[6.28683700e-11 1.08768313e-10 7.41771538e-11],[-1.05260932 -1.05260932 -1.05260932],0.21824321,1.1635109,[-0.5007651   0.49923494 -0.2732677   0.26573762 -0.13793893  0.11351875],[0. 0. 0.],11080,Bird,Triangle,[0.04182442 0.01154785 0.00476573],"[[ 9.99993320e-01  3.65091932e-03 -1.73754286e-04]
 [ 3.65091787e-03 -9.99993335e-01 -8.68041994e-06]
 [ 1.73784820e-04 -8.04599933e-06  9.99999985e-01]]",[0.04000592 0.01263455 0.00487073],"[[-9.99999982e-01  1.87165790e-04 -5.38592743e-06]
 [ 2.19761820e-05  1.45883972e-01  9.89301706e-01]
 [-1.85949155e-04 -9.89301689e-01  1.45883974e-01]]","[np.float64(133.10524751456444), np.float64(12.008332839947109), np.float64(45.55888290606333)]","[np.float32(3.850489), np.float32(23.566372), np.float32(0.37472844)]"
39,../normshapes/Bird/m37.obj,../shapes/Bird/m37.obj,8000,[-9.67825144e-11  5.33009370e-11  5.88647708e-11],[-9.67825144e-11  5.33009370e-11  5.88647708e-11],[1.05263388 1.05263388 1.05263388],0.28408852,1.2833544,[-0.49564806  0.5043519  -0.23758715  0.45146114 -0.14138304  0.27360016],[0. 0. 0.],15996,Bird,Triangle,[0.06170055 0.02492635 0.00766758],"[[ 9.99998320e-01  1.73847423e-03  5.80752101e-04]
 [ 1.73847526e-03 -9.99998489e-01 -1.26521955e-06]
 [-5.80749024e-04 -2.27484059e-06  9.99999831e-01]]",[0.03681454 0.03501052 0.00888005],"[[-9.99831532e-01 -1.83550486e-02 -1.87266801e-05]
 [-4.23062735e-03  2.31442192e-01 -9.72839459e-01]
 [-1.78608497e-02  9.72675487e-01  2.31480855e-01]]","[np.float64(321.3813951275562), np.float64(59.31064610688995), np.float64(266.07459759784876)]","[np.float32(11.5023365), np.float32(128.06334), np.float32(34.54014)]"
40,../normshapes/Bird/m41.obj,../shapes/Bird/m41.obj,5041,[2.05773492e-10 7.34307367e-14 5.67731680e-12],[2.05773492e-10 7.34307367e-14 5.67731680e-12],[-1.05263162 -1.05263162 -1.05263162],0.21973497,1.1096934,[-0.5002279   0.49977204 -0.19426715  0.26815766 -0.04078281  0.09181789],[0. 0. 0.],10156,Bird,Triangle,[0.05204277 0.0008027  0.00813701],"[[ 9.99999997e-01 -6.06638319e-05  5.73273246e-05]
 [-5.73273252e-05 -8.34511421e-09  9.99999998e-01]
 [ 6.06638313e-05  9.99999998e-01  1.18228095e-08]]",[0.04371809 0.00621901 0.00091361],"[[ 9.99999797e-01 -5.91056814e-04  2.39500460e-04]
 [-2.83343254e-04 -7.53281475e-02  9.97158759e-01]
 [ 5.71336352e-04  9.97158624e-01  7.53282996e-02]]","[np.float64(1084.321901175628), np.float64(45.29083493542554), np.float64(336.46182300386107)]","[np.float32(0.08944242), np.float32(17.831184), np.float32(2.4106297)]"
41,../normshapes/Bookset/D01009.obj,../shapes/Bookset/D01009.obj,7998,[ 1.06562121e-10  1.06060637e-10 -7.71194195e-12],[ 1.06562121e-10  1.06060637e-10 -7.71194195e-12],[-2.27331948 -2.27331948 -2.27331948],0.31866026,1.500506,[-0.45376667  0.5462333  -0.361609    0.43017706 -0.1492011   0.64111096],[0. 0. 0.],35893,Bookset,Triangle,[0.07663162 0.01116999 0.03310324],"[[ 9.99186101e-01  3.24468711e-02 -2.39653232e-02]
 [ 2.40053925e-02 -8.45874373e-04  9.99711471e-01]
 [-3.24172376e-02  9.99473104e-01  1.62408579e-03]]",[0.00650345 0.01547116 0.01761102],"[[-0.00301239 -0.99995118 -0.00941123]
 [-0.99807512  0.00358944 -0.06191255]
 [-0.06194331 -0.00920661  0.99803721]]","[np.float64(189.907627228264), np.float64(21.944606476561386), np.float64(113.28974999999939)]","[np.float32(125.40995), np.float32(118.78652), np.float32(196.5065)]"
42,../normshapes/Bookset/D01030.obj,../shapes/Bookset/D01030.obj,5146,[ 2.64383712e-10 -2.58043406e-10 -6.46420797e-11],[ 2.64383712e-10 -2.58043406e-10 -6.46420797e-11],[1.95260453 1.95260453 1.95260453],0.35491842,1.5141006,[-0.42183328  0.5781668  -0.3278056   0.4181475  -0.41330907  0.4446271 ],[0. 0. 0.],30822,Bookset,Triangle,[0.06182342 0.03328084 0.03965368],"[[-0.73960731 -0.50166407  0.44868049]
 [-0.54339472  0.05174337 -0.83788114]
 [-0.39711862  0.86351363  0.31087138]]",[0.02070273 0.01289963 0.01601856],"[[-0.50155067 -0.8281979  -0.25007033]
 [-0.22194684 -0.15620246  0.96246579]
 [ 0.83617374 -0.53822768  0.10547246]]","[np.float64(83.99325524222131), np.float64(40.81366177631782), np.float64(31.561594582324336)]","[np.float32(190.06926), np.float32(77.727), np.float32(68.7115)]"
43,../normshapes/Bookset/D01065.obj,../shapes/Bookset/D01065.obj,8000,[-3.76840035e-11 -1.84054898e-10  3.01165528e-11],[-3.76840035e-11 -1.84054898e-10  3.01165528e-11],[1.87902093 1.87902093 1.87902093],0.32750246,1.3300909,[-0.5508618   0.44913822 -0.189485    0.43659854 -0.29274338  0.32139108],[0. 0. 0.],41936,Bookset,Triangle,[0.06720219 0.02441709 0.027896  ],"[[ 0.98880437 -0.14911359  0.00557366]
 [-0.00721634 -0.0104775   0.99991907]
 [ 0.14904312  0.98876456  0.01143626]]",[0.01950358 0.01553979 0.01263651],"[[ 0.80951347 -0.58621382  0.03226911]
 [-0.02349801  0.0225686   0.99946911]
 [ 0.58663088  0.80984197 -0.00449472]]","[np.float64(12440.058829710166), np.float64(258.686716236771), np.float64(19.32428346718936)]","[np.float32(2.3976462), np.float32(336.61734), np.float32(16.103664)]"
44,../normshapes/Bookset/D01146.obj,../shapes/Bookset/D01146.obj,7997,[-7.23738057e-11  3.28546289e-11  3.64640048e-11],[-7.23738057e-11  3.28546289e-11  3.64640048e-11],[2.6214416 2.6214416 2.6214416],0.43799135,1.6886575,[-0.48835275  0.49022335 -0.46173435  0.48375657 -0.50652283  0.49347714],[0. 0. 0.],36723,Bookset,Triangle,[0.04156228 0.0633523  0.09206309],"[[-0.14282019  0.98797426 -0.05923889]
 [ 0.89048273  0.1543912   0.4280232 ]
 [-0.43202187 -0.00837914  0.9018242 ]]",[0.0176951  0.00656099 0.00255619],"[[ 0.94717272 -0.29601251  0.1234521 ]
 [-0.28528153 -0.95347693 -0.09744841]
 [-0.14655468 -0.05708187  0.98755424]]","[np.float64(40331.88394533617), np.float64(32821.81449662619), np.float64(239.07759492090727)]","[np.float32(277.4119), np.float32(161.95505), np.float32(114.40101)]"
45,../normshapes/Bookset/D01182.obj,../shapes/Bookset/D01182.obj,8000,[ 4.29290594e-11  4.61095624e-11 -9.91849447e-12],[ 4.29290594e-11  4.61095624e-11 -9.91849447e-12],[2.99456358 2.99456358 2.99456358],0.29113075,1.4887708,[-0.37157717  0.49327773 -0.3313068   0.6686932  -0.3228231   0.3616216 ],[0. 0. 0.],47774,Bookset,Triangle,[0.04742066 0.03519596 0.01351747],"[[ 0.71155024 -0.68610098  0.15153119]
 [-0.69395429 -0.72001758 -0.00146128]
 [-0.1101077   0.10411594  0.9884514 ]]",[0.00194003 0.00655794 0.01263627],"[[-0.93401264  0.34207153 -0.1029925 ]
 [ 0.35303185  0.92793996 -0.11956565]
 [-0.05467085  0.14803547  0.9874698 ]]","[np.float64(-1.857073999471666), np.float64(8.691503435932956), np.float64(18.955329969660696)]","[np.float32(59.946136), np.float32(522.94006), np.float32(12.396633)]"
46,../normshapes/Bottle/D00123.obj,../shapes/Bottle/D00123.obj,8000,[3.55648808e-11 2.49156074e-11 1.42913450e-11],[3.55648808e-11 2.49156074e-11 1.42913450e-11],[0.64180952 0.64180952 0.64180952],0.31048328,1.0529495,[-0.33319956  0.6668005  -0.11517639  0.1177896  -0.11888576  0.11441565],[0. 0. 0.],15914,Bottle,Triangle,[0.11182032 0.00478658 0.00446644],"[[ 9.99999444e-01  1.05423882e-03 -1.00937899e-05]
 [ 1.05423910e-03 -9.99999444e-01  2.74458922e-05]
 [ 1.00648497e-05  2.74565183e-05  1.00000000e+00]]",[0.38479325 0.00716561 0.00715668],"[[ 0.99882497 -0.04643218 -0.01388247]
 [-0.04837648 -0.93814112 -0.34285705]
 [-0.00289588 -0.34312577  0.93928501]]","[np.float64(-175.46047234765715), np.float64(-16.268177346298113), np.float64(-1.4504896218425598)]","[np.float32(508.66626), np.float32(0.58189523), np.float32(0.38897166)]"
