,New Path,Orig Path,Vertices,CenterOfMass,Means,Scaling,AverageSize,DiagonalSize,Bounds,Position,Cells,Class,Type,Eigenvalue,Eigenvectors,Prev Eigenvalue,Prev Eigenvectors
0,../normshapes\AircraftBuoyant\m1337.obj,../shapes\AircraftBuoyant\m1337.obj,201,[ 1.78851002e-09 -9.77657031e-10  1.82955945e-09],[ 1.6013189e-08 -1.9645809e-09  1.7746096e-08],[1. 1. 1.],0.44034663,1.5621523195454445,[-0.48716924  0.4930857  -0.4315087   0.43296567 -0.37102404  0.4846068 ],[0. 0. 0.],340,AircraftBuoyant,Triangle,[0.10504595 0.04645206 0.04645249],"[[ 8.59382691e-01 -4.39679886e-01 -2.61042118e-01]
 [ 2.50257905e-04  5.10874597e-01 -8.59655212e-01]
 [-5.11332893e-01 -7.38707482e-01 -4.39146819e-01]]",[0.10504596 0.04645249 0.04645206],"[[ 1.37933137e-03 -8.60535996e-01  5.09387767e-01]
 [-9.99998671e-01 -1.62949098e-03 -4.49679127e-05]
 [-8.68739279e-04  5.09387028e-01  8.60537100e-01]]"
1,../normshapes\AircraftBuoyant\m1338.obj,../shapes\AircraftBuoyant\m1338.obj,8761,[ 4.58543072e-10 -1.75375665e-09 -1.11353472e-09],[ 1.6469517e-07 -1.0205110e-10 -1.4282902e-09],[1. 1. 1.],0.4351798,1.601445953935726,[-0.42520702  0.52710974 -0.45321482  0.4548425  -0.45483497  0.45793763],[0. 0. 0.],16960,AircraftBuoyant,Triangle,[0.09733962 0.04683994 0.04685405],"[[ 9.99848896e-01  1.73810616e-02  2.90967777e-04]
 [ 1.09032976e-05 -1.73651967e-02  9.99849214e-01]
 [-1.73834935e-02  9.99698129e-01  1.73627622e-02]]",[0.09733962 0.04685405 0.04683994],"[[ 1.08941545e-03 -9.99859181e-01  1.67460613e-02]
 [-9.99999204e-01 -1.09992458e-03 -6.18360358e-04]
 [-6.36692685e-04  1.67453743e-02  9.99859584e-01]]"
2,../normshapes\AircraftBuoyant\m1339.obj,../shapes\AircraftBuoyant\m1339.obj,1878,[ 5.38312383e-10 -1.28720911e-09 -5.45225124e-10],[ 4.9289678e-08  4.9987919e-10 -1.1743194e-09],[1. 1. 1.],0.23194125,1.266717844593356,[-0.32795498  0.6220656  -0.30457753  0.2977957  -0.28982636  0.29256654],[0. 0. 0.],6173,AircraftBuoyant,Triangle,[0.06554274 0.00892623 0.00866799],"[[ 9.99930925e-01 -1.17529533e-02 -1.16628241e-04]
 [-1.17535135e-02 -9.99862584e-01 -1.16904931e-02]
 [-2.07856046e-05 -1.16910564e-02  9.99931657e-01]]",[0.06554274 0.00866799 0.00892623],"[[ 0.00532142  0.9999363   0.00995386]
 [ 0.99998422 -0.00533906  0.00174674]
 [-0.00179977 -0.0099444   0.99994893]]"
3,../normshapes\AircraftBuoyant\m1340.obj,../shapes\AircraftBuoyant\m1340.obj,778,[-1.22580246e-09  6.75995527e-10 -9.15012459e-11],[ 3.4150091e-08  6.1290123e-10 -1.7680764e-09],[1. 1. 1.],0.25349474,1.0664549124567897,[-0.2866808   0.66330093 -0.17113581  0.17154726 -0.16575605  0.17692336],[0. 0. 0.],1457,AircraftBuoyant,Triangle,[0.08524597 0.00317761 0.00322742],"[[ 9.99946737e-01 -1.03207796e-02 -6.55154047e-05]
 [-4.08836047e-05 -1.03086544e-02  9.99946864e-01]
 [ 1.03209066e-02  9.99893601e-01  1.03085273e-02]]",[0.08524597 0.00322742 0.00317761],"[[ 0.00116887  0.99997913 -0.00635391]
 [ 0.99999145 -0.00119405 -0.00395971]
 [ 0.00396722  0.00634922  0.99997197]]"
4,../normshapes\AircraftBuoyant\m1341.obj,../shapes\AircraftBuoyant\m1341.obj,425,[ 5.00722843e-09 -7.38106979e-10 -1.94704049e-10],[ 6.1708336e-09  3.0854168e-09 -1.2140063e-09],[1. 1. 1.],0.27919862,1.0742192244972364,[-0.58093786  0.36906216 -0.17715119  0.1774238  -0.17728715  0.17728786],[0. 0. 0.],824,AircraftBuoyant,Triangle,[0.08771655 0.00286422 0.00299744],"[[-1.00000000e+00 -1.50238408e-06 -6.12332102e-11]
 [-6.34003623e-11  1.44247542e-06  1.00000000e+00]
 [ 1.50238408e-06 -1.00000000e+00  1.44247542e-06]]",[0.08771655 0.00299744 0.00286422],"[[-2.07843352e-04 -9.99999978e-01  1.48961295e-06]
 [-9.99999978e-01  2.07843352e-04 -1.29210812e-08]
 [-1.26114748e-08  1.48961560e-06  1.00000000e+00]]"
5,../normshapes\AircraftBuoyant\m1342.obj,../shapes\AircraftBuoyant\m1342.obj,1252,[-2.43988662e-09  2.04424189e-10 -5.73504104e-10],[ 3.6580445e-08 -1.1872131e-09  1.8834734e-09],[1. 1. 1.],0.2512312,1.2723918902713665,[-0.7415161   0.20913637 -0.3686655   0.23695424 -0.29036474  0.29994512],[0. 0. 0.],2305,AircraftBuoyant,Triangle,[0.08185583 0.00791175 0.00747886],"[[ 0.98828348  0.15051394  0.02532404]
 [ 0.15259095 -0.97806657 -0.14178074]
 [-0.00342862 -0.14398379  0.98957411]]",[0.08185583 0.00747886 0.00791175],"[[ 0.0603678  -0.98356146 -0.17018394]
 [-0.99801767 -0.05643591 -0.02785187]
 [-0.01778954 -0.17152794  0.98501863]]"
6,../normshapes\AircraftBuoyant\m1343.obj,../shapes\AircraftBuoyant\m1343.obj,178,[-3.93457627e-09  1.18640925e-09 -1.38913687e-10],[ 3.8006334e-08  1.0464298e-09 -1.3394302e-09],[1. 1. 1.],0.35900378,1.357746368136316,[-0.48942357  0.4605765  -0.34296018  0.3429608  -0.3429601   0.3429609 ],[0. 0. 0.],344,AircraftBuoyant,Triangle,[0.08290807 0.02722419 0.02728586],"[[ 1.00000000e+00  6.20838748e-09  4.93828616e-10]
 [ 4.93828615e-10  1.58362019e-10 -1.00000000e+00]
 [ 6.20838748e-09 -1.00000000e+00 -1.58312690e-10]]",[0.02722419 0.08290806 0.02728586],"[[ 1.00000000e+00  3.46260118e-07  4.10395718e-11]
 [ 3.46260118e-07 -1.00000000e+00 -2.90975401e-07]
 [-4.09388186e-11 -2.90975401e-07  1.00000000e+00]]"
7,../normshapes\AircraftBuoyant\m1344.obj,../shapes\AircraftBuoyant\m1344.obj,1093,[ 1.51329267e-09  5.62305709e-10 -5.92301560e-10],[ 1.2116567e-07 -9.1734851e-09 -2.3346971e-09],[1. 1. 1.],0.3120483,1.3211221169349907,[-0.6848478   0.26523745 -0.32449758  0.32462636 -0.32106397  0.32804298],[0. 0. 0.],1930,AircraftBuoyant,Triangle,[0.10835615 0.0108532  0.01093409],"[[ 9.99968380e-01  7.95209526e-03  6.06926805e-05]
 [ 2.48344161e-06 -7.94433747e-03  9.99968443e-01]
 [-7.95232648e-03  9.99936824e-01  7.94410602e-03]]",[0.10835615 0.01093409 0.0108532 ],"[[ 1.01636442e-03 -9.99970329e-01  7.63602075e-03]
 [-9.99999434e-01 -1.01874947e-03 -3.08459073e-04]
 [-3.16229113e-04  7.63570291e-03  9.99970798e-01]]"
8,../normshapes\AircraftBuoyant\m1345.obj,../shapes\AircraftBuoyant\m1345.obj,3174,[-3.75059798e-09 -1.77988170e-09  2.05467518e-09],[ 7.5557431e-08 -2.0574775e-09  4.2710560e-09],[1. 1. 1.],0.34617576,1.2511947877599239,[-0.56494284  0.38469556 -0.28036985  0.29546088 -0.288268    0.28800833],[0. 0. 0.],6000,AircraftBuoyant,Triangle,[0.09119675 0.02041466 0.02040059],"[[ 9.99186510e-01  4.02964701e-02 -1.58544545e-03]
 [ 4.03276284e-02 -9.98375444e-01  4.02511412e-02]
 [-3.91091045e-05  4.02823346e-02  9.99188337e-01]]",[0.09119675 0.02040059 0.02041466],"[[ 1.11849481e-03  9.99225416e-01 -3.93359515e-02]
 [ 9.99998882e-01 -1.15666386e-03 -9.47590311e-04]
 [ 9.92354796e-04  3.93348477e-02  9.99225593e-01]]"
9,../normshapes\AircraftBuoyant\m1346.obj,../shapes\AircraftBuoyant\m1346.obj,742,[-4.70878012e-10 -7.48593812e-10  7.41167089e-10],[8.0756459e-09 3.3638067e-10 4.1530459e-08],[1. 1. 1.],0.29044232,1.0486443672248,[-0.15780915  0.16787024 -0.15674648  0.14028145 -0.4338186   0.5176867 ],[0. 0. 0.],1375,AircraftBuoyant,Triangle,[0.0897768  0.00622558 0.00387209],"[[ 0.00266847 -0.99992897  0.01161605]
 [ 0.01205617  0.01164742  0.99985948]
 [ 0.99992376  0.00252805 -0.0120864 ]]",[0.0897768  0.00387209 0.00622558],"[[ 0.00155137  0.99991205  0.01317147]
 [ 0.01050078 -0.01318705  0.99985791]
 [-0.99994366  0.00141284  0.01052031]]"
10,../normshapes\AircraftBuoyant\m1347.obj,../shapes\AircraftBuoyant\m1347.obj,3055,[5.75103122e-10 4.87839264e-10 3.87058766e-10],[-3.3706865e-08  3.6396880e-08 -6.2464156e-10],[1. 1. 1.],0.23679842,1.0691764108361175,[-0.5107367   0.44056234 -0.12127626  0.27338043 -0.14310277  0.14397629],[0. 0. 0.],6274,AircraftBuoyant,Triangle,[0.06318696 0.01239918 0.00287793],"[[-9.99774565e-01  2.12323778e-02  7.37061299e-05]
 [ 2.12323781e-02  9.99774568e-01  3.34806309e-06]
 [ 7.36184269e-05 -4.91226473e-06  9.99999997e-01]]",[0.00287793 0.01239918 0.06318696],"[[-9.99975853e-01  6.93630817e-03 -4.25818242e-04]
 [ 6.94043811e-03  9.99919568e-01 -1.06154395e-02]
 [-3.52152033e-04  1.06181385e-02  9.99943564e-01]]"
11,../normshapes\AircraftBuoyant\m1348.obj,../shapes\AircraftBuoyant\m1348.obj,795,[-1.22565565e-10 -1.02160851e-09 -1.10732753e-09],[-5.0607718e-09 -2.5538155e-10 -3.2613863e-09],[1. 1. 1.],0.2783674,1.0486265882412216,[-0.15139847  0.17441645 -0.1582063   0.13840203 -0.43772602  0.5138442 ],[0. 0. 0.],1382,AircraftBuoyant,Triangle,[0.08403906 0.00639012 0.00363696],"[[ 0.00134798 -0.99992687 -0.01201827]
 [-0.01636513  0.01199461 -0.99979413]
 [-0.99986517 -0.00154438  0.01634777]]",[0.08403906 0.00363696 0.00639012],"[[ 0.00150281  0.99990749  0.01351893]
 [ 0.01486452 -0.01353978  0.99979784]
 [-0.99988839  0.00130156  0.01488349]]"
12,../normshapes\AircraftBuoyant\m1349.obj,../shapes\AircraftBuoyant\m1349.obj,432,[ 2.18332624e-09  1.09516636e-09 -4.60760121e-10],[-6.1225838e-09 -4.0960946e-09 -7.8961655e-09],[1. 1. 1.],0.22064304,1.042055670674023,[-0.48390827  0.47093818 -0.10916171  0.22598211 -0.12454159  0.12410858],[0. 0. 0.],640,AircraftBuoyant,Triangle,[0.0509046  0.00553908 0.0106754 ],"[[-9.99999999e-01  4.01071038e-05  1.77197606e-09]
 [ 5.86790801e-08  1.50724057e-03 -9.99998864e-01]
 [ 4.01070609e-05  9.99998863e-01  1.50724057e-03]]",[0.05090461 0.0106754  0.00553908],"[[-9.98584858e-01  5.31815891e-02 -1.52747296e-05]
 [ 5.31815625e-02  9.98584574e-01  7.54558793e-04]
 [-5.53817450e-05 -7.52678651e-04  9.99999715e-01]]"
13,../normshapes\AircraftBuoyant\m1350.obj,../shapes\AircraftBuoyant\m1350.obj,1097,[1.01982793e-09 1.58483224e-09 5.85578620e-10],[1.2021447e-09 1.0741197e-08 7.3215367e-09],[1. 1. 1.],0.15819055,1.0501246346987012,[-0.6002767   0.35576907 -0.18544805  0.14670542 -0.2314592   0.04856285],[0. 0. 0.],1976,AircraftBuoyant,Triangle,[0.03387363 0.00603303 0.00393676],"[[ 9.82726157e-01  1.31429863e-01 -1.30290031e-01]
 [ 1.30289869e-01 -9.91325472e-01 -1.72730744e-02]
 [ 1.31430024e-01  7.68991348e-07  9.91325450e-01]]",[0.03387364 0.00393676 0.00603303],"[[-9.91325458e-01 -1.31429970e-01  1.10155605e-07]
 [-5.73168086e-08 -4.05813027e-07 -1.00000000e+00]
 [-1.31429970e-01  9.91325458e-01 -3.94759638e-07]]"
14,../normshapes\AircraftBuoyant\m1351.obj,../shapes\AircraftBuoyant\m1351.obj,12987,[-3.23198407e-09  9.60516091e-11 -6.60338954e-10],[2.8358215e-07 3.4578896e-08 2.9250428e-08],[1. 1. 1.],0.17848669,0.9947606629317327,[-0.30095446  0.6504256  -0.09164923  0.09165076 -0.06557499  0.1598709 ],[0. 0. 0.],24466,AircraftBuoyant,Triangle,[0.03588715 0.00428565 0.00167125],"[[-1.00000000e+00  5.06663394e-06 -1.37604902e-10]
 [ 5.06663394e-06  1.00000000e+00 -5.41699605e-06]
 [-1.10158966e-10  5.41699605e-06  1.00000000e+00]]",[0.00428565 0.03588715 0.00167125],"[[ 1.00000000e+00 -2.52172401e-06 -2.72614553e-06]
 [ 2.55111923e-06 -6.69796964e-02  9.97754339e-01]
 [ 2.69865747e-06  9.97754339e-01  6.69796964e-02]]"
15,../normshapes\AircraftBuoyant\m1352.obj,../shapes\AircraftBuoyant\m1352.obj,3298,[-2.67853525e-09 -7.86412326e-11  7.54111200e-11],[-1.7361343e-09 -1.0568168e-08  2.4014454e-08],[1. 1. 1.],0.27261305,1.0588017580076428,[-0.4437236   0.50627583 -0.19050346  0.16147235 -0.15374732  0.15394609],[0. 0. 0.],6348,AircraftBuoyant,Triangle,[0.07047498 0.00495225 0.01012987],"[[-9.99997710e-01  2.14020568e-03  2.01468444e-06]
 [ 2.00922522e-06 -2.55293949e-06  1.00000000e+00]
 [-2.14020568e-03 -9.99997710e-01 -2.54863349e-06]]",[0.07047498 0.01012987 0.00495225],"[[ 0.99999658 -0.0023833  -0.00107235]
 [-0.00238531 -0.99999539 -0.0018792 ]
 [ 0.00106786 -0.00188176  0.99999766]]"
16,../normshapes\Apartment\D00045.obj,../shapes\Apartment\D00045.obj,14865,[2.04530791e-09 5.45673278e-09 2.81216007e-10],[-3.40947395e-08  1.23539801e-08 -1.09090735e-07],[1. 1. 1.],0.44798,2.1553020528422864,[-0.70051295  0.7123792  -0.68451554  0.75302666 -0.36481774  0.39842224],[0. 0. 0.],21021,Apartment,Triangle,[0.10693727 0.03665936 0.06283398],"[[ 0.99463596  0.07630732 -0.06983195]
 [ 0.06902081  0.01321913  0.99752763]
 [-0.07704178  0.99699671 -0.00788143]]",[0.10693727 0.03665936 0.06283398],"[[ 0.9780651   0.17381015  0.11479853]
 [ 0.09703149  0.10750378 -0.98945835]
 [ 0.18431918 -0.97889375 -0.08828064]]"
17,../normshapes\Apartment\D00086.obj,../shapes\Apartment\D00086.obj,20493,[4.34749514e-09 3.84001187e-09 1.16167291e-09],[ 2.3089856e-07  9.1880681e-09 -4.6602395e-08],[1. 1. 1.],0.42838374,2.523827554581148,[-0.8897145   0.90041065 -1.398984    0.26567194 -0.30252907  0.3252274 ],[0. 0. 0.],42064,Apartment,Triangle,[0.17361445 0.01156898 0.04179797],"[[ 9.99740149e-01 -2.27877644e-02 -5.93835090e-04]
 [-6.15873438e-04 -9.60107302e-04 -9.99999349e-01]
 [-2.27871794e-02 -9.99739864e-01  9.73892196e-04]]",[0.17361445 0.04179797 0.01156898],"[[ 0.99634248  0.08495874  0.00914742]
 [ 0.08435384 -0.99500204  0.05343571]
 [-0.01364153  0.05246865  0.99852939]]"
18,../normshapes\Apartment\D00138.obj,../shapes\Apartment\D00138.obj,10827,[ 8.31427682e-10 -6.14496857e-10  2.57202090e-10],[-4.4760601e-08  2.5136677e-08  2.4178775e-08],[1. 1. 1.],0.18904726,2.05499247727233,[-0.87613356  0.70731026 -0.8326544   0.35886756 -0.39333323  0.15070252],[0. 0. 0.],21140,Apartment,Triangle,[0.04053749 0.00691138 0.01949903],"[[ 0.99898106 -0.03119487  0.03261463]
 [-0.03102026  0.05029604  0.9982525 ]
 [ 0.03278074  0.99824706 -0.04927712]]",[0.04053749 0.00691138 0.01949903],"[[-9.99477518e-01 -3.23201586e-02  3.12140538e-04]
 [-4.84729086e-04  2.46447281e-02  9.99696155e-01]
 [ 3.23180309e-02 -9.99173681e-01  2.46475182e-02]]"
19,../normshapes\Apartment\D00156.obj,../shapes\Apartment\D00156.obj,12732,[-4.90716466e-09 -2.06057040e-09 -2.72360718e-09],[-1.0775370e-07 -5.9677210e-09 -3.1980383e-09],[1. 1. 1.],0.6577403,2.3868663119081774,[-0.8116039   0.82621866 -0.49064964  0.78831047 -0.58449304  0.58978504],[0. 0. 0.],19380,Apartment,Triangle,[0.02931208 0.23687052 0.19412456],"[[-0.03489212  0.99938954 -0.00175596]
 [-0.00444892  0.00160169  0.99998882]
 [-0.99938118 -0.03489954 -0.00439032]]",[0.23687052 0.19412456 0.02931208],"[[ 0.96834428  0.24787906  0.02941638]
 [ 0.24955814 -0.96395407 -0.09226745]
 [-0.00548487 -0.09668775  0.99529965]]"
20,../normshapes\Apartment\D00310.obj,../shapes\Apartment\D00310.obj,14464,[ 2.01227715e-09 -3.86488566e-09  2.10589530e-09],[-2.7606708e-07  4.2741938e-08  1.7542655e-08],[1. 1. 1.],0.5773757,2.185841891568823,[-0.83748245  0.9814961  -0.53685796  0.41784358 -0.36397335  0.38286448],[0. 0. 0.],9480,Apartment,Triangle,[0.27760058 0.02494206 0.07429363],"[[ 9.98838026e-01  4.81917215e-02  3.93840284e-04]
 [ 4.53201942e-04 -1.22086079e-03 -9.99999152e-01]
 [ 4.81911998e-02 -9.98837358e-01  1.24128276e-03]]",[0.27760058 0.07429363 0.02494206],"[[ 0.99840528 -0.051258   -0.02365413]
 [-0.05083436 -0.99854167  0.01817693]
 [ 0.02455135  0.0169455   0.99955494]]"
21,../normshapes\Apartment\D00348.obj,../shapes\Apartment\D00348.obj,2006,[ 7.14013732e-09  1.90114316e-09 -2.08688683e-10],[ 1.4113762e-08 -5.9753212e-08  1.1057018e-08],[1. 1. 1.],0.48177898,2.1538978772530877,[-0.8198166   0.822425   -0.43223408  0.5035096  -0.8349208   0.19789198],[0. 0. 0.],3008,Apartment,Triangle,[0.19116995 0.0048928  0.08250579],"[[ 0.99733889 -0.07288195 -0.00183443]
 [-0.00204322 -0.00279029 -0.99999402]
 [-0.07287639 -0.99733667  0.00293177]]",[0.19116995 0.08250579 0.0048928 ],"[[ 0.99625917  0.0792821   0.03438053]
 [ 0.07734198 -0.99551387  0.05450098]
 [-0.03854724  0.05163804  0.99792165]]"
22,../normshapes\Apartment\D00366.obj,../shapes\Apartment\D00366.obj,1294,[ 5.84139068e-09  4.10935290e-09 -7.79033521e-10],[4.9586088e-08 3.9521474e-08 8.8900283e-09],[1. 1. 1.],0.6026213,2.5958015959449585,[-0.9127671   0.7836853  -0.6832033   0.7823885  -0.7013856   0.60715395],[0. 0. 0.],2540,Apartment,Triangle,[0.20970553 0.08072606 0.1047377 ],"[[ 0.99895194  0.04498385 -0.00845409]
 [ 0.00837262  0.00199922  0.99996295]
 [-0.04499909  0.99898571 -0.00162049]]",[0.20970553 0.1047377  0.08072606],"[[ 0.99661581  0.07339569  0.03701341]
 [ 0.08181126 -0.92941841 -0.35984487]
 [-0.00798988 -0.3616552   0.93227768]]"
23,../normshapes\Apartment\D00478.obj,../shapes\Apartment\D00478.obj,19857,[-6.20658715e-09  4.54111634e-09  1.51539873e-09],[ 1.7673676e-07  2.1697147e-07 -8.8173273e-08],[1. 1. 1.],0.58261037,2.1723288201458417,[-0.796516    0.8446326  -0.46576777  0.6349054  -0.47277853  0.42953095],[0. 0. 0.],25206,Apartment,Triangle,[0.22955209 0.04703554 0.08497148],"[[ 0.99886222  0.04749781 -0.00426814]
 [ 0.00420445  0.00144074  0.99999012]
 [-0.04750349  0.9988703  -0.0012394 ]]",[0.22955209 0.08497148 0.04703554],"[[ 0.99813753  0.05380708  0.02874478]
 [ 0.05804459 -0.98265489 -0.17612551]
 [-0.0187694  -0.17746596  0.98394794]]"
24,../normshapes\Apartment\D00496.obj,../shapes\Apartment\D00496.obj,7737,[-4.87681944e-10  3.59591236e-09 -6.13472597e-09],[ 6.2801739e-08  2.9210281e-07 -5.4566332e-08],[1. 1. 1.],0.51895636,2.6827488682434684,[-1.1642889   0.6621454  -0.5667277   0.60017383 -0.73419756  0.8468212 ],[0. 0. 0.],2579,Apartment,Triangle,[0.04797047 0.11902877 0.12583616],"[[ 0.05078985  0.88564834  0.4615706 ]
 [ 0.90002413 -0.24090663  0.36320872]
 [-0.43287061 -0.39697736  0.80934048]]",[0.04797047 0.11902877 0.12583616],"[[ 5.27407637e-02  9.10681859e-01 -4.09727913e-01]
 [ 2.31046545e-02  4.09076305e-01  9.12207625e-01]
 [-9.98340917e-01  5.75771487e-02 -5.34007004e-04]]"
25,../normshapes\Apartment\D00626.obj,../shapes\Apartment\D00626.obj,73184,[ 7.62795553e-09 -9.70878138e-11  4.45609187e-10],[-2.8498317e-07 -2.6807064e-07 -1.3470378e-07],[1. 1. 1.],0.5545274,2.2210085706131,[-0.84004     0.94913256 -0.3821831   0.5737039  -0.56521755  0.3392273 ],[0. 0. 0.],64688,Apartment,Triangle,[0.25056354 0.0446895  0.06264458],"[[ 9.99980565e-01  6.21311817e-03 -5.17003320e-04]
 [ 5.17504585e-04 -7.90711373e-05  9.99999863e-01]
 [-6.21307643e-03  9.99980695e-01  8.22849177e-05]]",[0.25056353 0.06264458 0.0446895 ],"[[ 9.99660294e-01 -2.60456589e-02  9.59735332e-04]
 [-2.55284030e-02 -9.85901061e-01 -1.65370488e-01]
 [-5.25338741e-03 -1.65289810e-01  9.86231048e-01]]"
26,../normshapes\Apartment\D00639.obj,../shapes\Apartment\D00639.obj,4849,[ 3.26243196e-09  5.00977441e-09 -1.11662316e-09],[ 4.1854777e-09  1.1255001e-08 -2.6139261e-08],[1. 1. 1.],0.554428,2.337811821046836,[-0.7895045   0.9566289  -0.57498664  0.5473446  -0.53661525  0.5389101 ],[0. 0. 0.],7980,Apartment,Triangle,[0.1964315  0.08108464 0.05736936],"[[ 0.97601229  0.164974    0.14206895]
 [ 0.16265718 -0.9862895   0.02785067]
 [-0.14471575  0.00407406  0.98946488]]",[0.19643149 0.05736936 0.08108464],"[[ 0.98329075  0.18155036  0.01337046]
 [ 0.03728557 -0.12896214 -0.99094831]
 [ 0.17818274 -0.97488883  0.13357649]]"
27,../normshapes\Apartment\D00651.obj,../shapes\Apartment\D00651.obj,12732,[2.86486588e-09 5.71371259e-09 1.27846096e-09],[ 3.235841e-08  8.678065e-08 -6.823847e-09],[1. 1. 1.],0.6577403,2.394761725694288,[-0.8109691   0.82675034 -0.7922766   0.49235228 -0.5918753   0.5923914 ],[0. 0. 0.],19380,Apartment,Triangle,[0.02931208 0.23687052 0.19412456],"[[-0.0374758   0.99929601 -0.00174382]
 [ 0.01381737 -0.0012267  -0.99990378]
 [ 0.999202    0.03749629  0.01376167]]",[0.23687052 0.19412456 0.02931208],"[[ 0.76177253 -0.64632238 -0.04438462]
 [-0.64780794 -0.75921088 -0.06279896]
 [-0.00689109 -0.07659123  0.99703876]]"
28,../normshapes\Apartment\D00681.obj,../shapes\Apartment\D00681.obj,13823,[-1.09676205e-08 -8.28092116e-09 -5.25517263e-11],[-1.1544546e-07 -2.5552856e-08 -9.5149460e-08],[1. 1. 1.],0.637999,2.433887981498844,[-0.86689043  0.85192186 -0.5463862   0.6347817  -0.48545817  0.769268  ],[0. 0. 0.],15557,Apartment,Triangle,[0.30921977 0.03762018 0.09658267],"[[ 0.99258499  0.12131266  0.00763387]
 [ 0.00613363  0.01273531 -0.99990009]
 [ 0.12139776 -0.99253264 -0.01189679]]",[0.30921978 0.09658267 0.03762017],"[[ 0.97781977  0.19663208 -0.07214092]
 [ 0.20352876 -0.97335087  0.1056604 ]
 [ 0.0494422   0.11799958  0.99178202]]"
29,../normshapes\Apartment\D00780.obj,../shapes\Apartment\D00780.obj,8240,[-1.11012747e-08 -4.65212103e-09 -3.81282696e-10],[-1.1761067e-07 -2.5606850e-09 -7.0521914e-08],[1. 1. 1.],0.67680573,2.0308409339272044,[-0.7625427   0.94811416 -0.4215029   0.5048283  -0.2554258   0.32756522],[0. 0. 0.],13684,Apartment,Triangle,[0.36809068 0.0157519  0.12315976],"[[ 9.97812374e-01 -6.60974931e-02  1.25964557e-03]
 [-8.63629052e-04  6.01963105e-03  9.99981509e-01]
 [ 6.61038535e-02  9.97795012e-01 -5.94937864e-03]]",[0.36809068 0.12315976 0.0157519 ],"[[ 0.98319677 -0.17897371 -0.03595159]
 [-0.18003594 -0.98323687 -0.02884983]
 [ 0.03018556 -0.03483763  0.99893702]]"
30,../normshapes\Apartment\D00792.obj,../shapes\Apartment\D00792.obj,1327,[-1.14748486e-09 -2.63193374e-09 -4.32587756e-10],[ 3.163549e-08  8.121526e-09 -5.142978e-09],[1. 1. 1.],0.51462543,2.9696556537930645,[-0.8665525   0.6380574  -1.2456018   0.5918108  -0.8578105   0.92514175],[0. 0. 0.],1158,Apartment,Triangle,[0.17266151 0.04606575 0.09694567],"[[-0.89753835  0.37745337 -0.2279339 ]
 [ 0.09373743  0.66844983  0.73782662]
 [-0.43085752 -0.64086175  0.63534087]]",[0.17266151 0.09694567 0.04606576],"[[-0.46062879  0.80958936 -0.36384912]
 [ 0.88372963  0.38011416 -0.2730113 ]
 [ 0.08272284  0.44730111  0.89054963]]"
31,../normshapes\Apartment\D00859.obj,../shapes\Apartment\D00859.obj,1378,[-2.99621611e-09  2.30328675e-09  2.58499251e-09],[-5.7052631e-08 -3.4990155e-08 -2.0207942e-08],[1. 1. 1.],0.57007825,2.2873460675517827,[-0.97252524  0.90007335 -0.62820965  0.54299825 -0.4087656   0.18587579],[0. 0. 0.],2163,Apartment,Triangle,[0.25744909 0.01868207 0.0989198 ],"[[ 0.99955257 -0.02988504  0.00124583]
 [-0.00129109 -0.00149519  0.99999805]
 [ 0.02988312  0.99955222  0.00153311]]",[0.25744909 0.0989198  0.01868207],"[[ 0.9947761   0.10152261 -0.0106614 ]
 [ 0.100254   -0.99130078 -0.08527538]
 [ 0.01922603 -0.08376106  0.99630038]]"
32,../normshapes\Apartment\D00860.obj,../shapes\Apartment\D00860.obj,19857,[ 7.22497252e-09 -4.41923169e-09 -4.01370212e-09],[ 2.0610234e-07 -3.0207400e-07 -9.1520157e-08],[1. 1. 1.],0.58261037,2.1735674745089058,[-0.79524744  0.8455354  -0.4658185   0.63497645 -0.47379094  0.43201137],[0. 0. 0.],25206,Apartment,Triangle,[0.22955209 0.04703554 0.08497148],"[[ 0.99871307  0.05054619 -0.00415763]
 [ 0.00408401  0.00155979  0.99999044]
 [-0.05055219  0.99872051 -0.00135135]]",[0.22955209 0.08497148 0.04703554],"[[ 0.9980322   0.05509266  0.02994196]
 [ 0.0592148  -0.98516366 -0.16107818]
 [-0.02062351 -0.16253422  0.98648735]]"
33,../normshapes\Apartment\D00869.obj,../shapes\Apartment\D00869.obj,4930,[-7.49606050e-09  2.62961668e-09 -5.13332535e-09],[-3.8894147e-08  5.4345413e-09  2.7632133e-08],[1. 1. 1.],0.66172063,2.0463618404455723,[-0.77423775  0.7965137  -0.47290063  0.47252774 -0.4965125   0.412609  ],[0. 0. 0.],9069,Apartment,Triangle,[0.26627842 0.07982689 0.12188595],"[[ 0.99855209  0.05368556  0.00340436]
 [ 0.00320976  0.00371061 -0.99998796]
 [ 0.05369755 -0.998551   -0.00353292]]",[0.26627842 0.12188595 0.07982689],"[[ 0.99061291  0.13211515 -0.03509488]
 [ 0.13542341 -0.9834532   0.12033415]
 [ 0.0186162   0.12395723  0.99211292]]"
34,../normshapes\Apartment\D00921.obj,../shapes\Apartment\D00921.obj,12842,[ 3.25678503e-09 -2.90132549e-09  3.69939555e-10],[-2.664154e-09 -5.429258e-08 -6.136953e-08],[1. 1. 1.],0.40712336,2.2488144837325357,[-1.0381792   0.67866087 -0.66453826  0.5110631  -0.5855201   0.2674678 ],[0. 0. 0.],7983,Apartment,Triangle,[0.08220139 0.06151274 0.05114192],"[[ 0.93780371  0.33327664  0.09721565]
 [ 0.32784757 -0.94229645  0.06777436]
 [-0.11419357  0.03168713  0.99295305]]",[0.08220139 0.05114192 0.06151274],"[[ 0.94408494  0.31905307 -0.08311902]
 [ 0.21163009 -0.77973161 -0.58926337]
 [ 0.25281681 -0.53872418  0.8036541 ]]"
35,../normshapes\Apartment\D00953.obj,../shapes\Apartment\D00953.obj,4158,[ 2.88270711e-09 -1.10808740e-09  6.26757078e-09],[-1.98395451e-08 -5.70171910e-09  1.12944925e-07],[1. 1. 1.],0.4534348,2.513767130888274,[-0.44416523  0.61448264 -0.82526     0.76104707 -0.857878    0.7797788 ],[0. 0. 0.],7140,Apartment,Triangle,[0.03380305 0.105283   0.08755189],"[[ 0.94166703 -0.27812702  0.18949555]
 [-0.27520813 -0.96046278 -0.04209194]
 [-0.19371033  0.01251413  0.98097895]]",[0.03380305 0.105283   0.08755189],"[[-0.24319934  0.9465329  -0.21196593]
 [-0.07441019  0.19967721  0.97703231]
 [-0.96711799 -0.25338604 -0.02187032]]"
36,../normshapes\Apartment\m463.obj,../shapes\Apartment\m463.obj,2022,[-2.11148146e-09 -1.47424458e-09  1.42562710e-09],[ 6.4748569e-08  7.6113285e-09 -1.4217639e-08],[1. 1. 1.],0.3223388,1.3350906767274968,[-0.54976314  0.40027907 -0.3800398   0.37998936 -0.27495605  0.2748098 ],[0. 0. 0.],3672,Apartment,Triangle,[0.08203654 0.01981087 0.01749234],"[[ 1.00000000e+00 -1.23701319e-09  3.69272741e-10]
 [-1.23701327e-09 -1.00000000e+00  2.26379798e-07]
 [-3.69272461e-10  2.26379798e-07  1.00000000e+00]]",[0.01981087 0.08203654 0.01749234],"[[ 1.00000000e+00  1.37669631e-05  1.21324050e-07]
 [ 1.37669477e-05 -9.99999992e-01  1.25896799e-04]
 [-1.23057266e-07  1.25896797e-04  9.99999992e-01]]"
37,../normshapes\Apartment\m464.obj,../shapes\Apartment\m464.obj,8301,[3.34224588e-09 4.29600551e-10 1.62396464e-11],[-8.9094620e-08  8.0712381e-10 -4.3475185e-10],[1. 1. 1.],0.2546842,1.0396154035910763,[-0.44277674  0.5075118  -0.16286615  0.15970041 -0.13831396  0.13316843],[0. 0. 0.],12810,Apartment,Triangle,[0.07040255 0.00360357 0.00423079],"[[ 9.99977346e-01  6.73099915e-03  4.15226844e-05]
 [ 3.75685702e-06 -6.72686415e-03  9.99977374e-01]
 [-6.73112617e-03  9.99954720e-01  6.72673704e-03]]",[0.07040255 0.00423079 0.00360357],"[[ 6.31857176e-04 -9.99980760e-01  6.17086607e-03]
 [-9.99999643e-01 -6.35302410e-04 -5.56362043e-04]
 [-5.60271705e-04  6.17051233e-03  9.99980805e-01]]"
38,../normshapes\Apartment\m465.obj,../shapes\Apartment\m465.obj,2335,[ 3.28788528e-09  2.66062918e-09 -4.74670154e-10],[-1.3656739e-08 -1.7543165e-08  4.1400976e-09],[1. 1. 1.],0.291266,1.1364514105385148,[-0.5340434   0.27157643 -0.46841887  0.30862892 -0.1307181   0.06599305],[0. 0. 0.],4363,Apartment,Triangle,[0.0961435  0.00379571 0.00234548],"[[-0.70084471 -0.51651682 -0.49196247]
 [-0.71140996  0.45577609  0.53494302]
 [ 0.05208234 -0.72489898  0.68688347]]",[0.0961435  0.00234548 0.00379571],"[[-0.04645824  0.73662715 -0.67470147]
 [ 0.99748707 -0.00195752 -0.07082163]
 [ 0.05348988  0.67629625  0.73468511]]"
39,../normshapes\AquaticAnimal\m53.obj,../shapes\AquaticAnimal\m53.obj,18409,[ 2.00196092e-10 -3.85733259e-10 -2.14892003e-09],[1.5760797e-08 7.6023525e-09 1.0849865e-08],[1. 1. 1.],0.21570663,1.0136717561731017,[-0.144412    0.18069737 -0.07572113  0.07489162 -0.6386046   0.30963066],[0. 0. 0.],34877,AquaticAnimal,Triangle,[0.0499066  0.00467619 0.00080309],"[[ 0.0594964   0.99447731 -0.08645844]
 [-0.12140943  0.09317793  0.98821942]
 [-0.99081781  0.04829863 -0.12628267]]",[0.0499066  0.00080309 0.00467619],"[[ 0.08217031  0.99657829 -0.00893045]
 [ 0.04400344  0.00532412  0.99901719]
 [-0.99564639  0.08248252  0.04341538]]"
40,../normshapes\AquaticAnimal\m54.obj,../shapes\AquaticAnimal\m54.obj,18143,[-3.85260662e-10 -3.60271540e-10  5.76340622e-10],[ 2.7863807e-08 -1.9134642e-07 -7.9634930e-09],[1. 1. 1.],0.24775231,1.0540161171819187,[-0.17744845  0.17758854 -0.11738195  0.10861279 -0.63711315  0.32923308],[0. 0. 0.],33836,AquaticAnimal,Triangle,[0.06749693 0.0044008  0.00157093],"[[ 0.11173757  0.99219364  0.05537589]
 [ 0.16187782  0.036807   -0.98612414]
 [ 0.98046432 -0.11915125  0.15650142]]",[0.06749693 0.00157093 0.0044008 ],"[[ 0.15804306  0.97981667  0.12239968]
 [-0.01619696 -0.12136847  0.99247537]
 [-0.98729937  0.15883635  0.00331139]]"
41,../normshapes\AquaticAnimal\m55.obj,../shapes\AquaticAnimal\m55.obj,19505,[-4.87447218e-10 -3.96342637e-10 -5.29791328e-09],[ 3.5064520e-08 -7.7888265e-09  6.7662960e-08],[1. 1. 1.],0.22373745,1.028256927969476,[-0.15465026  0.20250452 -0.07455655  0.09293696 -0.29111728  0.65846086],[0. 0. 0.],37072,AquaticAnimal,Triangle,[0.05669037 0.00413497 0.00118698],"[[ 0.01750445 -0.99818173 -0.05767874]
 [ 0.07729449  0.0588659  -0.99526899]
 [-0.99685463 -0.01296339 -0.07818436]]",[0.05669037 0.00118698 0.00413497],"[[ 0.0615859   0.99809744 -0.00294422]
 [ 0.01668159 -0.00397871 -0.99985294]
 [ 0.99796237 -0.06152773  0.01689488]]"
42,../normshapes\AquaticAnimal\m56.obj,../shapes\AquaticAnimal\m56.obj,5814,[-1.36424080e-09  4.64519022e-10 -2.54633605e-10],[ 3.9879957e-08 -4.2289159e-09 -4.0301247e-09],[1. 1. 1.],0.21154997,1.0176604050107345,[-0.685644    0.26178035 -0.20018867  0.14229944 -0.07235033  0.07160036],[0. 0. 0.],10893,AquaticAnimal,Triangle,[0.05384921 0.00092353 0.00337462],"[[-9.99999930e-01 -3.74430746e-04  1.60736263e-06]
 [-1.60625869e-06 -2.94859456e-06 -1.00000000e+00]
 [-3.74430751e-04  9.99999930e-01 -2.94799292e-06]]",[0.00092353 0.00337462 0.05384921],"[[-9.99963163e-01 -8.58243684e-03  1.19653743e-04]
 [-8.57948875e-03  9.99839207e-01  1.57465206e-02]
 [ 2.54778023e-04 -1.57449140e-02  9.99876009e-01]]"
43,../normshapes\AquaticAnimal\m57.obj,../shapes\AquaticAnimal\m57.obj,18878,[-2.74002411e-09 -3.69742164e-10 -4.75386992e-10],[-1.8857018e-07  3.0528515e-08  1.3192320e-08],[1. 1. 1.],0.21900369,1.0207794401339358,[-0.3056663   0.64050823 -0.15525456  0.20887762 -0.05917524  0.05978795],[0. 0. 0.],36278,AquaticAnimal,Triangle,[0.05013035 0.00591201 0.00068347],"[[ 0.99394869  0.10983086  0.00178199]
 [ 0.10983302 -0.99394938 -0.00115811]
 [-0.00164401 -0.00134682  0.99999774]]",[0.00068347 0.05013035 0.00591201],"[[-9.99998930e-01 -1.84669253e-04  1.45138428e-03]
 [-1.43903064e-03 -5.49999464e-02 -9.98485320e-01]
 [-2.64215596e-04  9.98486340e-01 -5.49996218e-02]]"
44,../normshapes\AquaticAnimal\m58.obj,../shapes\AquaticAnimal\m58.obj,477,[-1.88869826e-10 -1.50327081e-09  3.59618400e-10],[ 2.3351401e-09  6.0604304e-09 -5.3419256e-09],[1. 1. 1.],0.29415813,1.1746986396244197,[-0.268654    0.20372234 -0.24984457  0.26194727 -0.4816111   0.46435222],[0. 0. 0.],950,AquaticAnimal,Triangle,[0.06708743 0.0145742  0.01341134],"[[ 0.0828588  -0.9932011  -0.08176799]
 [-0.11873782 -0.09130479  0.98871875]
 [ 0.98946235  0.0722151   0.12549594]]",[0.06708743 0.01341134 0.0145742 ],"[[ 0.06647565 -0.99757241 -0.02074302]
 [-0.05791818  0.0168961  -0.99817834]
 [-0.99610565 -0.06755595  0.0566544 ]]"
45,../normshapes\AquaticAnimal\m59.obj,../shapes\AquaticAnimal\m59.obj,44,[-2.20130790e-09  1.46230705e-10  3.63677756e-10],[-2.0319765e-08  1.6933138e-10  6.9175743e-10],[1. 1. 1.],0.24885839,0.9912114209704807,[-0.4627273   0.48727274 -0.09999999  0.1        -0.1         0.09999999],[0. 0. 0.],1680,AquaticAnimal,Triangle,[0.07700169 0.00172103 0.00145433],"[[ 1.00000000e+00 -1.20650827e-09 -3.83236156e-10]
 [-1.20650827e-09 -1.00000000e+00  4.86550739e-10]
 [ 3.83236157e-10  4.86550998e-10  1.00000000e+00]]",[0.00145433 0.07700169 0.00172103],"[[ 1.00000000e+00  9.38264196e-12 -9.33576574e-15]
 [ 9.33577971e-15 -1.48926850e-09  1.00000000e+00]
 [-9.38264196e-12  1.00000000e+00  1.48926871e-09]]"
46,../normshapes\AquaticAnimal\m60.obj,../shapes\AquaticAnimal\m60.obj,1606,[-3.70522931e-09  5.22410132e-11 -1.39644105e-10],[-1.4427961e-08  5.6969571e-09 -1.2734648e-09],[1. 1. 1.],0.23115684,1.069098496677831,[-0.61922145  0.3250702  -0.17288591  0.20989344 -0.16182382  0.16185015],[0. 0. 0.],3208,AquaticAnimal,Triangle,[0.05928439 0.001928   0.0053274 ],"[[-9.99999936e-01 -3.58095819e-04 -1.48743680e-07]
 [-2.57697114e-08 -3.43410772e-04  9.99999941e-01]
 [ 3.58095849e-04 -9.99999877e-01 -3.43410741e-04]]",[0.001928   0.05928439 0.0053274 ],"[[ 9.99999908e-01  6.36675806e-05 -4.24800188e-04]
 [ 4.21763716e-04  4.18477828e-02  9.99123909e-01]
 [-8.13887479e-05  9.99123996e-01 -4.18477521e-02]]"
47,../normshapes\AquaticAnimal\m61.obj,../shapes\AquaticAnimal\m61.obj,216,[-6.56924655e-10  7.50097334e-10  5.69141573e-10],[-1.4487240e-09  1.6075824e-09  2.0075175e-08],[1. 1. 1.],0.24890341,1.0468580512462036,[-0.23065048  0.15682632 -0.08458084  0.08523057 -0.373892    0.5836766 ],[0. 0. 0.],337,AquaticAnimal,Triangle,[0.06673058 0.00494128 0.00203048],"[[ 0.0469934  -0.99850438 -0.02793977]
 [ 0.02489735  0.02913282 -0.99926543]
 [-0.99858487 -0.04626325 -0.02622916]]",[0.06673058 0.00203048 0.00494128],"[[ 0.02119021 -0.99851641  0.05015934]
 [-0.00270949 -0.05022778 -0.99873411]
 [-0.99977179 -0.02102747  0.00376981]]"
48,../normshapes\AquaticAnimal\m62.obj,../shapes\AquaticAnimal\m62.obj,241,[ 2.59881507e-09  7.38102123e-10 -7.29860064e-11],[-2.6463473e-08  4.4904431e-09 -4.3281381e-10],[1. 1. 1.],0.29668564,1.1667130525318696,[-0.48819816  0.4064207  -0.39184213  0.34949577 -0.05302333  0.0532525 ],[0. 0. 0.],478,AquaticAnimal,Triangle,[0.06533674 0.03227281 0.00042477],"[[ 9.27086084e-01  3.74839974e-01  2.52725032e-03]
 [ 3.74837565e-01 -9.27089467e-01  1.38555013e-03]
 [-2.86234673e-03  3.37215890e-04  9.99995847e-01]]",[0.00042477 0.06533673 0.03227281],"[[-9.99997433e-01 -1.22660816e-03 -1.90498367e-03]
 [-2.10413617e-03  1.90929809e-01  9.81601437e-01]
 [ 8.40322170e-04 -9.81602926e-01  1.90931899e-01]]"
49,../normshapes\AquaticAnimal\m63.obj,../shapes\AquaticAnimal\m63.obj,1112,[2.64813450e-10 1.03802790e-09 7.67731305e-10],[3.1021752e-09 2.6030131e-09 3.1122254e-09],[1. 1. 1.],0.24972062,1.4129821100425346,[-0.26729304  0.7281679  -0.36217645  0.30123627 -0.3842347   0.36773577],[0. 0. 0.],1792,AquaticAnimal,Triangle,[0.04384779 0.01444088 0.01902393],"[[-9.99962498e-01  8.66002452e-03 -8.00541275e-05]
 [ 9.21360255e-05  1.39474443e-03 -9.99999023e-01]
 [ 8.65990441e-03  9.99961529e-01  1.39549002e-03]]",[0.04384779 0.01902393 0.01444088],"[[ 0.94940246  0.31405972  0.0012082 ]
 [ 0.31397363 -0.94921943  0.02007577]
 [-0.00745184  0.01868065  0.99979773]]"
50,../normshapes\AquaticAnimal\m64.obj,../shapes\AquaticAnimal\m64.obj,247,[-9.91533333e-10  3.40526599e-11  1.79763745e-10],[-1.5564776e-08 -2.8957723e-09 -7.9181273e-10],[1. 1. 1.],0.23697415,1.0969362767952353,[-0.46962863  0.48306593 -0.2858675   0.2356281  -0.07650709  0.07739118],[0. 0. 0.],444,AquaticAnimal,Triangle,[0.06007655 0.00121391 0.00757851],"[[-9.99999834e-01 -5.75546905e-04  1.36289254e-06]
 [-1.35899890e-06 -6.76551056e-06 -1.00000000e+00]
 [-5.75546914e-04  9.99999834e-01 -6.76472727e-06]]",[0.06007655 0.00757851 0.00121391],"[[ 9.99723727e-01  2.35021484e-02 -3.43383363e-04]
 [ 2.35035102e-02 -9.99712574e-01  4.72810126e-03]
 [ 2.32164128e-04  4.73486573e-03  9.99988764e-01]]"
51,../normshapes\AquaticAnimal\m65.obj,../shapes\AquaticAnimal\m65.obj,1004,[-1.35292953e-09  1.84281744e-09  4.22511924e-11],[-3.3839291e-09 -4.3189621e-09  5.0276578e-09],[1. 1. 1.],0.17935593,1.1827488269711173,[-0.7675966   0.20346719 -0.23419246  0.3274509  -0.18723571  0.18757977],[0. 0. 0.],1930,AquaticAnimal,Triangle,[0.03030042 0.00766154 0.00212332],"[[ 9.50924971e-01 -3.09411354e-01  2.51282404e-03]
 [-3.09413019e-01 -9.50927704e-01  2.93414794e-04]
 [-2.29872813e-03  1.05651593e-03  9.99996800e-01]]",[0.00212332 0.03030042 0.00766154],"[[-9.99998617e-01 -6.98283511e-04 -1.50970073e-03]
 [-1.38168493e-03 -1.56641092e-01  9.87654625e-01]
 [ 9.26144111e-04 -9.87655345e-01 -1.56639911e-01]]"
52,../normshapes\AquaticAnimal\m66.obj,../shapes\AquaticAnimal\m66.obj,4117,[ 6.07439074e-10 -3.91219952e-09 -1.62600068e-10],[1.1398465e-08 4.6107818e-08 3.0330758e-09],[1. 1. 1.],0.2873969,1.1276047495285821,[-0.28690064  0.25749308 -0.5400993   0.35919997 -0.18096806  0.22693975],[0. 0. 0.],8196,AquaticAnimal,Triangle,[0.07709994 0.00514867 0.0065652 ],"[[ 0.31421367 -0.94103819 -0.12536705]
 [-0.92157384 -0.27063732 -0.27831116]
 [-0.22797243 -0.20298416  0.95227412]]",[0.07709994 0.0065652  0.00514867],"[[ 0.03901673  0.99381542 -0.10396448]
 [ 0.21249645  0.09341167  0.97268675]
 [-0.97638259  0.06004314  0.20753763]]"
53,../normshapes\AquaticAnimal\m67.obj,../shapes\AquaticAnimal\m67.obj,14000,[ 4.31866751e-09  3.18905222e-11 -7.78258352e-11],[ 3.7640334e-08 -9.5175849e-09  3.0257672e-09],[1. 1. 1.],0.2776217,1.0417315671355774,[-0.5438349   0.406043   -0.1621432   0.2018414  -0.10891329  0.11570154],[0. 0. 0.],27996,AquaticAnimal,Triangle,[0.07938266 0.00092245 0.00822952],"[[ 9.99976468e-01 -4.86661807e-03 -4.83514201e-03]
 [-4.83526422e-03 -1.33470318e-05 -9.99988310e-01]
 [-4.86649664e-03 -9.99988158e-01  3.68781020e-05]]",[0.07938266 0.00822952 0.00092245],"[[ 0.99996732  0.00761113 -0.00272676]
 [ 0.0027759  -0.00645299  0.99997533]
 [-0.00759335  0.99995021  0.00647391]]"
54,../normshapes\AquaticAnimal\m68.obj,../shapes\AquaticAnimal\m68.obj,553,[-1.14268059e-09  3.73744759e-10  4.55780195e-10],[-2.3173596e-09  4.2642112e-09  1.5148728e-09],[1. 1. 1.],0.19688176,0.9956592645099428,[-0.4971229   0.45064428 -0.15283626  0.10541325 -0.08106653  0.08135852],[0. 0. 0.],1098,AquaticAnimal,Triangle,[0.04762117 0.00129308 0.00347412],"[[-9.99976617e-01 -6.83854011e-03 -2.37008143e-05]
 [-2.42139462e-05  7.49525137e-05  9.99999997e-01]
 [ 6.83853831e-03 -9.99976614e-01  7.51163491e-05]]",[0.04762117 0.00347412 0.00129308],"[[ 0.9997534  -0.02195358  0.00334242]
 [-0.02192962 -0.99973471 -0.00704315]
 [-0.00349616 -0.00696812  0.99996961]]"
55,../normshapes\AquaticAnimal\m69.obj,../shapes\AquaticAnimal\m69.obj,317,[ 4.70068176e-11 -3.72235237e-09 -2.23397147e-10],[ 1.5747283e-09 -5.4057838e-09 -2.4796096e-09],[1. 1. 1.],0.26849005,1.032884828460438,[-0.16252841  0.07795148 -0.63274676  0.31536835 -0.1613678   0.17044273],[0. 0. 0.],560,AquaticAnimal,Triangle,[0.08150905 0.00208338 0.00527188],"[[ 0.05915008  0.99823891  0.00451179]
 [ 0.99664848 -0.05879879 -0.05687269]
 [ 0.05650725 -0.00786069  0.99837124]]",[0.08150905 0.00527188 0.00208338],"[[ 0.00104655 -0.99999321  0.00353333]
 [-0.05562151  0.00346965  0.9984459 ]
 [ 0.99845138  0.00124146  0.0556175 ]]"
56,../normshapes\AquaticAnimal\m70.obj,../shapes\AquaticAnimal\m70.obj,320,[-3.70619091e-10 -2.15950422e-09  5.67069947e-11],[ 1.6007107e-11  3.5390257e-09 -2.6542692e-09],[1. 1. 1.],0.2541708,1.071341476307456,[-0.07358304  0.1676474  -0.58460915  0.36681145 -0.2139091   0.21548495],[0. 0. 0.],560,AquaticAnimal,Triangle,[0.07628209 0.00165825 0.00479749],"[[ 0.01208059 -0.99992377 -0.00255252]
 [-0.99987489 -0.01205385 -0.01024295]
 [-0.0102114  -0.00267595  0.99994428]]",[0.07628209 0.00479749 0.00165825],"[[ 3.46294999e-04  9.99997497e-01 -2.21057301e-03]
 [ 9.87002580e-03  2.20704753e-03  9.99948854e-01]
 [-9.99951230e-01  3.68095700e-04  9.86923681e-03]]"
57,../normshapes\AquaticAnimal\m71.obj,../shapes\AquaticAnimal\m71.obj,420,[ 5.02248960e-09 -4.44924808e-10 -1.59084902e-10],[ 8.7278229e-09 -1.4191583e-10  1.1619358e-09],[1. 1. 1.],0.25378543,1.0555863428704022,[-0.32992232  0.62012386 -0.21943259  0.12853263 -0.15050176  0.15048824],[0. 0. 0.],836,AquaticAnimal,Triangle,[0.07322106 0.0032074  0.00469284],"[[-1.00000000e+00 -2.63691980e-05  9.58040107e-10]
 [-1.65806625e-09  2.65471154e-05 -1.00000000e+00]
 [-2.63691980e-05  9.99999999e-01  2.65471155e-05]]",[0.0032074  0.07322106 0.00469284],"[[ 9.99999998e-01  5.99883638e-05  3.31966280e-05]
 [ 3.36238315e-05 -7.13552755e-03 -9.99974541e-01]
 [ 5.97499611e-05 -9.99974540e-01  7.13552955e-03]]"
58,../normshapes\AquaticAnimal\m72.obj,../shapes\AquaticAnimal\m72.obj,331,[-2.45843837e-10  5.50739433e-09 -8.42544489e-10],[-2.5671161e-09 -1.1884914e-08 -1.5643968e-09],[1. 1. 1.],0.2557185,1.0719407508608323,[-0.07715406  0.16082421 -0.5681991   0.38393167 -0.21371427  0.21741247],[0. 0. 0.],590,AquaticAnimal,Triangle,[0.07777543 0.00190725 0.00433456],"[[ 0.02102679 -0.99977563 -0.00256374]
 [-0.99959559 -0.02097376 -0.019203  ]
 [-0.01914492 -0.00296648  0.99981232]]",[0.07777543 0.00433456 0.00190725],"[[ 3.50504491e-04  9.99997472e-01 -2.22110344e-03]
 [ 1.88060034e-02  2.21411920e-03  9.99820700e-01]
 [-9.99823090e-01  3.92211724e-04  1.88051798e-02]]"
