{
 "cells": [
  {
   "cell_type": "code",
   "execution_count": 51,
   "metadata": {},
   "outputs": [],
   "source": [
    "from vedo import dataurl, Mesh, Plotter, Volume, settings, LinearTransform, Box, Line\n",
    "import numpy as np\n",
    "import pandas as pd\n",
    "from normalize import normalize_shape,get_eigenvectors,get_center_of_mass\n",
    "import os\n",
    "from pathlib import Path\n",
    "import matplotlib.pyplot as plt\n",
    "\n",
    "\"\"\"\n",
    "Input Mesh\n",
    "Output one of Mixed,Quad,Triangle,Other (in case of non quad or triangle polygons)\n",
    "\"\"\"\n",
    "\n",
    "cellType = {\n",
    "        3:\"Triangle\",\n",
    "        4:\"Quad\"\n",
    "    }\n",
    "freq = {\n",
    "        \"Other\":0,\n",
    "        \"Quad\":0,\n",
    "        \"Triangle\":0,\n",
    "    }\n",
    "\n",
    "def GetCellType(cells):\n",
    "    for i in range(0,len(cells)):\n",
    "        l = len(cells[i])\n",
    "        #print(l,cellType[l])\n",
    "        if(l in cellType):\n",
    "            option = cellType[l]\n",
    "        else:\n",
    "            option = \"Other\"\n",
    "        #print(option)\n",
    "        val = freq.get(option)\n",
    "        freq.update({option:val+1})\n",
    "\n",
    "    if(freq[\"Other\"])>0:\n",
    "        return \"Other\"\n",
    "    elif(freq[\"Quad\"])==0:\n",
    "        return \"Triangle\"\n",
    "    elif(freq[\"Triangle\"])==0:\n",
    "        return \"Quad\"\n",
    "    else:\n",
    "        return \"Mixed\"\n",
    "    \n",
    "def get_vertex_dist(mesh:Mesh):\n",
    "    #As the ratio of the smallest cell against largest cell\n",
    "    minar = np.inf\n",
    "    maxar = 0\n",
    "    for idx in range(0,len(mesh.vertices)):\n",
    "        ar = 0\n",
    "        for cp in mesh.connected_vertices(idx):\n",
    "            ar+= np.abs(np.linalg.norm(mesh.vertices[idx] - mesh.vertices[cp]))\n",
    "        \n",
    "\n",
    "        if ar!=0 and ar<minar:\n",
    "            minar=ar\n",
    "        elif ar!=0 and ar>maxar:\n",
    "            maxar=ar\n",
    "        #print(ar,minar,maxar)\n",
    "\n",
    "    return maxar/minar"
   ]
  },
  {
   "cell_type": "markdown",
   "metadata": {},
   "source": [
    "Step 2.1: Analyzing a single shape\n",
    "\n",
    "Start building a simple tool that checks all shapes in the database. The tool should output, for each shape\n",
    "\n",
    "    the class of the shape\n",
    "    the number of faces and vertices of the shape\n",
    "    the type of faces (e.g. only triangles, only quads, mixes of triangles and quads)\n",
    "    the axis-aligned 3D bounding box of the shapes "
   ]
  },
  {
   "cell_type": "code",
   "execution_count": 53,
   "metadata": {},
   "outputs": [
    {
     "name": "stdout",
     "output_type": "stream",
     "text": [
      "Reading ../shapes\\AircraftBuoyant\\m1337.obj\n",
      "[[ 1.37933137e-03 -8.60535996e-01  5.09387767e-01]\n",
      " [-9.99998671e-01 -1.62949098e-03 -4.49679127e-05]\n",
      " [-8.68739279e-04  5.09387028e-01  8.60537100e-01]] [0.10504596 0.04645249 0.04645206]\n",
      "Reading ../shapes\\AircraftBuoyant\\m1338.obj\n",
      "[[ 1.08941545e-03 -9.99859181e-01  1.67460613e-02]\n",
      " [-9.99999204e-01 -1.09992458e-03 -6.18360358e-04]\n",
      " [-6.36692685e-04  1.67453743e-02  9.99859584e-01]] [0.09733962 0.04685405 0.04683994]\n",
      "Reading ../shapes\\AircraftBuoyant\\m1339.obj\n",
      "[[ 0.00532142  0.9999363   0.00995386]\n",
      " [ 0.99998422 -0.00533906  0.00174674]\n",
      " [-0.00179977 -0.0099444   0.99994893]] [0.06554274 0.00866799 0.00892623]\n",
      "Reading ../shapes\\AircraftBuoyant\\m1340.obj\n",
      "[[ 0.00116887  0.99997913 -0.00635391]\n",
      " [ 0.99999145 -0.00119405 -0.00395971]\n",
      " [ 0.00396722  0.00634922  0.99997197]] [0.08524597 0.00322742 0.00317761]\n",
      "Reading ../shapes\\AircraftBuoyant\\m1341.obj\n",
      "[[-2.07843352e-04 -9.99999978e-01  1.48961295e-06]\n",
      " [-9.99999978e-01  2.07843352e-04 -1.29210812e-08]\n",
      " [-1.26114748e-08  1.48961560e-06  1.00000000e+00]] [0.08771655 0.00299744 0.00286422]\n",
      "Reading ../shapes\\AircraftBuoyant\\m1342.obj\n",
      "[[ 0.0603678  -0.98356146 -0.17018394]\n",
      " [-0.99801767 -0.05643591 -0.02785187]\n",
      " [-0.01778954 -0.17152794  0.98501863]] [0.08185583 0.00747886 0.00791175]\n",
      "Reading ../shapes\\AircraftBuoyant\\m1343.obj\n",
      "[[ 1.00000000e+00  3.46260118e-07  4.10395718e-11]\n",
      " [ 3.46260118e-07 -1.00000000e+00 -2.90975401e-07]\n",
      " [-4.09388186e-11 -2.90975401e-07  1.00000000e+00]] [0.02722419 0.08290806 0.02728586]\n",
      "Reading ../shapes\\AircraftBuoyant\\m1344.obj\n",
      "[[ 1.01636442e-03 -9.99970329e-01  7.63602075e-03]\n",
      " [-9.99999434e-01 -1.01874947e-03 -3.08459073e-04]\n",
      " [-3.16229113e-04  7.63570291e-03  9.99970798e-01]] [0.10835615 0.01093409 0.0108532 ]\n",
      "Reading ../shapes\\AircraftBuoyant\\m1345.obj\n",
      "[[ 1.11849481e-03  9.99225416e-01 -3.93359515e-02]\n",
      " [ 9.99998882e-01 -1.15666386e-03 -9.47590311e-04]\n",
      " [ 9.92354796e-04  3.93348477e-02  9.99225593e-01]] [0.09119675 0.02040059 0.02041466]\n",
      "Reading ../shapes\\AircraftBuoyant\\m1346.obj\n",
      "[[ 0.00155137  0.99991205  0.01317147]\n",
      " [ 0.01050078 -0.01318705  0.99985791]\n",
      " [-0.99994366  0.00141284  0.01052031]] [0.0897768  0.00387209 0.00622558]\n",
      "Reading ../shapes\\AircraftBuoyant\\m1347.obj\n",
      "[[-9.99975853e-01  6.93630817e-03 -4.25818242e-04]\n",
      " [ 6.94043811e-03  9.99919568e-01 -1.06154395e-02]\n",
      " [-3.52152033e-04  1.06181385e-02  9.99943564e-01]] [0.00287793 0.01239918 0.06318696]\n",
      "Reading ../shapes\\AircraftBuoyant\\m1348.obj\n",
      "[[ 0.00150281  0.99990749  0.01351893]\n",
      " [ 0.01486452 -0.01353978  0.99979784]\n",
      " [-0.99988839  0.00130156  0.01488349]] [0.08403906 0.00363696 0.00639012]\n",
      "Reading ../shapes\\AircraftBuoyant\\m1349.obj\n",
      "[[-9.98584858e-01  5.31815891e-02 -1.52747296e-05]\n",
      " [ 5.31815625e-02  9.98584574e-01  7.54558793e-04]\n",
      " [-5.53817450e-05 -7.52678651e-04  9.99999715e-01]] [0.05090461 0.0106754  0.00553908]\n",
      "Reading ../shapes\\AircraftBuoyant\\m1350.obj\n",
      "[[-9.91325458e-01 -1.31429970e-01  1.10155605e-07]\n",
      " [-5.73168086e-08 -4.05813027e-07 -1.00000000e+00]\n",
      " [-1.31429970e-01  9.91325458e-01 -3.94759638e-07]] [0.03387364 0.00393676 0.00603303]\n",
      "Reading ../shapes\\AircraftBuoyant\\m1351.obj\n",
      "[[ 1.00000000e+00 -2.52172401e-06 -2.72614553e-06]\n",
      " [ 2.55111923e-06 -6.69796964e-02  9.97754339e-01]\n",
      " [ 2.69865747e-06  9.97754339e-01  6.69796964e-02]] [0.00428565 0.03588715 0.00167125]\n",
      "Reading ../shapes\\AircraftBuoyant\\m1352.obj\n",
      "[[ 0.99999658 -0.0023833  -0.00107235]\n",
      " [-0.00238531 -0.99999539 -0.0018792 ]\n",
      " [ 0.00106786 -0.00188176  0.99999766]] [0.07047498 0.01012987 0.00495225]\n",
      "Reading ../shapes\\Apartment\\D00045.obj\n",
      "[[ 0.9780651   0.17381015  0.11479853]\n",
      " [ 0.09703149  0.10750378 -0.98945835]\n",
      " [ 0.18431918 -0.97889375 -0.08828064]] [0.10693727 0.03665936 0.06283398]\n",
      "Reading ../shapes\\Apartment\\D00086.obj\n",
      "[[ 0.99634248  0.08495874  0.00914742]\n",
      " [ 0.08435384 -0.99500204  0.05343571]\n",
      " [-0.01364153  0.05246865  0.99852939]] [0.17361445 0.04179797 0.01156898]\n",
      "Reading ../shapes\\Apartment\\D00138.obj\n",
      "[[-9.99477518e-01 -3.23201586e-02  3.12140538e-04]\n",
      " [-4.84729086e-04  2.46447281e-02  9.99696155e-01]\n",
      " [ 3.23180309e-02 -9.99173681e-01  2.46475182e-02]] [0.04053749 0.00691138 0.01949903]\n",
      "Reading ../shapes\\Apartment\\D00156.obj\n",
      "[[ 0.96834428  0.24787906  0.02941638]\n",
      " [ 0.24955814 -0.96395407 -0.09226745]\n",
      " [-0.00548487 -0.09668775  0.99529965]] [0.23687052 0.19412456 0.02931208]\n",
      "Reading ../shapes\\Apartment\\D00310.obj\n",
      "[[ 0.99840528 -0.051258   -0.02365413]\n",
      " [-0.05083436 -0.99854167  0.01817693]\n",
      " [ 0.02455135  0.0169455   0.99955494]] [0.27760058 0.07429363 0.02494206]\n",
      "Reading ../shapes\\Apartment\\D00348.obj\n",
      "[[ 0.99625917  0.0792821   0.03438053]\n",
      " [ 0.07734198 -0.99551387  0.05450098]\n",
      " [-0.03854724  0.05163804  0.99792165]] [0.19116995 0.08250579 0.0048928 ]\n",
      "Reading ../shapes\\Apartment\\D00366.obj\n",
      "[[ 0.99661581  0.07339569  0.03701341]\n",
      " [ 0.08181126 -0.92941841 -0.35984487]\n",
      " [-0.00798988 -0.3616552   0.93227768]] [0.20970553 0.1047377  0.08072606]\n",
      "Reading ../shapes\\Apartment\\D00478.obj\n",
      "[[ 0.99813753  0.05380708  0.02874478]\n",
      " [ 0.05804459 -0.98265489 -0.17612551]\n",
      " [-0.0187694  -0.17746596  0.98394794]] [0.22955209 0.08497148 0.04703554]\n",
      "Reading ../shapes\\Apartment\\D00496.obj\n",
      "[[ 5.27407637e-02  9.10681859e-01 -4.09727913e-01]\n",
      " [ 2.31046545e-02  4.09076305e-01  9.12207625e-01]\n",
      " [-9.98340917e-01  5.75771487e-02 -5.34007004e-04]] [0.04797047 0.11902877 0.12583616]\n",
      "Reading ../shapes\\Apartment\\D00626.obj\n",
      "[[ 9.99660294e-01 -2.60456589e-02  9.59735332e-04]\n",
      " [-2.55284030e-02 -9.85901061e-01 -1.65370488e-01]\n",
      " [-5.25338741e-03 -1.65289810e-01  9.86231048e-01]] [0.25056353 0.06264458 0.0446895 ]\n",
      "Reading ../shapes\\Apartment\\D00639.obj\n",
      "[[ 0.98329075  0.18155036  0.01337046]\n",
      " [ 0.03728557 -0.12896214 -0.99094831]\n",
      " [ 0.17818274 -0.97488883  0.13357649]] [0.19643149 0.05736936 0.08108464]\n",
      "Reading ../shapes\\Apartment\\D00651.obj\n",
      "[[ 0.76177253 -0.64632238 -0.04438462]\n",
      " [-0.64780794 -0.75921088 -0.06279896]\n",
      " [-0.00689109 -0.07659123  0.99703876]] [0.23687052 0.19412456 0.02931208]\n",
      "Reading ../shapes\\Apartment\\D00681.obj\n",
      "[[ 0.97781977  0.19663208 -0.07214092]\n",
      " [ 0.20352876 -0.97335087  0.1056604 ]\n",
      " [ 0.0494422   0.11799958  0.99178202]] [0.30921978 0.09658267 0.03762017]\n",
      "Reading ../shapes\\Apartment\\D00780.obj\n",
      "[[ 0.98319677 -0.17897371 -0.03595159]\n",
      " [-0.18003594 -0.98323687 -0.02884983]\n",
      " [ 0.03018556 -0.03483763  0.99893702]] [0.36809068 0.12315976 0.0157519 ]\n",
      "Reading ../shapes\\Apartment\\D00792.obj\n",
      "[[-0.46062879  0.80958936 -0.36384912]\n",
      " [ 0.88372963  0.38011416 -0.2730113 ]\n",
      " [ 0.08272284  0.44730111  0.89054963]] [0.17266151 0.09694567 0.04606576]\n",
      "Reading ../shapes\\Apartment\\D00859.obj\n",
      "[[ 0.9947761   0.10152261 -0.0106614 ]\n",
      " [ 0.100254   -0.99130078 -0.08527538]\n",
      " [ 0.01922603 -0.08376106  0.99630038]] [0.25744909 0.0989198  0.01868207]\n",
      "Reading ../shapes\\Apartment\\D00860.obj\n",
      "[[ 0.9980322   0.05509266  0.02994196]\n",
      " [ 0.0592148  -0.98516366 -0.16107818]\n",
      " [-0.02062351 -0.16253422  0.98648735]] [0.22955209 0.08497148 0.04703554]\n",
      "Reading ../shapes\\Apartment\\D00869.obj\n",
      "[[ 0.99061291  0.13211515 -0.03509488]\n",
      " [ 0.13542341 -0.9834532   0.12033415]\n",
      " [ 0.0186162   0.12395723  0.99211292]] [0.26627842 0.12188595 0.07982689]\n",
      "Reading ../shapes\\Apartment\\D00921.obj\n",
      "[[ 0.94408494  0.31905307 -0.08311902]\n",
      " [ 0.21163009 -0.77973161 -0.58926337]\n",
      " [ 0.25281681 -0.53872418  0.8036541 ]] [0.08220139 0.05114192 0.06151274]\n",
      "Reading ../shapes\\Apartment\\D00953.obj\n",
      "[[-0.24319934  0.9465329  -0.21196593]\n",
      " [-0.07441019  0.19967721  0.97703231]\n",
      " [-0.96711799 -0.25338604 -0.02187032]] [0.03380305 0.105283   0.08755189]\n",
      "Reading ../shapes\\Apartment\\m463.obj\n",
      "[[ 1.00000000e+00  1.37669631e-05  1.21324050e-07]\n",
      " [ 1.37669477e-05 -9.99999992e-01  1.25896799e-04]\n",
      " [-1.23057266e-07  1.25896797e-04  9.99999992e-01]] [0.01981087 0.08203654 0.01749234]\n",
      "Reading ../shapes\\Apartment\\m464.obj\n",
      "[[ 6.31857176e-04 -9.99980760e-01  6.17086607e-03]\n",
      " [-9.99999643e-01 -6.35302410e-04 -5.56362043e-04]\n",
      " [-5.60271705e-04  6.17051233e-03  9.99980805e-01]] [0.07040255 0.00423079 0.00360357]\n",
      "Reading ../shapes\\Apartment\\m465.obj\n",
      "[[-0.04645824  0.73662715 -0.67470147]\n",
      " [ 0.99748707 -0.00195752 -0.07082163]\n",
      " [ 0.05348988  0.67629625  0.73468511]] [0.0961435  0.00234548 0.00379571]\n",
      "Reading ../shapes\\AquaticAnimal\\m53.obj\n",
      "[[ 0.08217031  0.99657829 -0.00893045]\n",
      " [ 0.04400344  0.00532412  0.99901719]\n",
      " [-0.99564639  0.08248252  0.04341538]] [0.0499066  0.00080309 0.00467619]\n",
      "Reading ../shapes\\AquaticAnimal\\m54.obj\n",
      "[[ 0.15804306  0.97981667  0.12239968]\n",
      " [-0.01619696 -0.12136847  0.99247537]\n",
      " [-0.98729937  0.15883635  0.00331139]] [0.06749693 0.00157093 0.0044008 ]\n",
      "Reading ../shapes\\AquaticAnimal\\m55.obj\n",
      "[[ 0.0615859   0.99809744 -0.00294422]\n",
      " [ 0.01668159 -0.00397871 -0.99985294]\n",
      " [ 0.99796237 -0.06152773  0.01689488]] [0.05669037 0.00118698 0.00413497]\n",
      "Reading ../shapes\\AquaticAnimal\\m56.obj\n",
      "[[-9.99963163e-01 -8.58243684e-03  1.19653743e-04]\n",
      " [-8.57948875e-03  9.99839207e-01  1.57465206e-02]\n",
      " [ 2.54778023e-04 -1.57449140e-02  9.99876009e-01]] [0.00092353 0.00337462 0.05384921]\n",
      "Reading ../shapes\\AquaticAnimal\\m57.obj\n",
      "[[-9.99998930e-01 -1.84669253e-04  1.45138428e-03]\n",
      " [-1.43903064e-03 -5.49999464e-02 -9.98485320e-01]\n",
      " [-2.64215596e-04  9.98486340e-01 -5.49996218e-02]] [0.00068347 0.05013035 0.00591201]\n",
      "Reading ../shapes\\AquaticAnimal\\m58.obj\n",
      "[[ 0.06647565 -0.99757241 -0.02074302]\n",
      " [-0.05791818  0.0168961  -0.99817834]\n",
      " [-0.99610565 -0.06755595  0.0566544 ]] [0.06708743 0.01341134 0.0145742 ]\n",
      "Reading ../shapes\\AquaticAnimal\\m59.obj\n",
      "[[ 1.00000000e+00  9.38264196e-12 -9.33576574e-15]\n",
      " [ 9.33577971e-15 -1.48926850e-09  1.00000000e+00]\n",
      " [-9.38264196e-12  1.00000000e+00  1.48926871e-09]] [0.00145433 0.07700169 0.00172103]\n",
      "Reading ../shapes\\AquaticAnimal\\m60.obj\n",
      "[[ 9.99999908e-01  6.36675806e-05 -4.24800188e-04]\n",
      " [ 4.21763716e-04  4.18477828e-02  9.99123909e-01]\n",
      " [-8.13887479e-05  9.99123996e-01 -4.18477521e-02]] [0.001928   0.05928439 0.0053274 ]\n",
      "Reading ../shapes\\AquaticAnimal\\m61.obj\n",
      "[[ 0.02119021 -0.99851641  0.05015934]\n",
      " [-0.00270949 -0.05022778 -0.99873411]\n",
      " [-0.99977179 -0.02102747  0.00376981]] [0.06673058 0.00203048 0.00494128]\n",
      "Reading ../shapes\\AquaticAnimal\\m62.obj\n",
      "[[-9.99997433e-01 -1.22660816e-03 -1.90498367e-03]\n",
      " [-2.10413617e-03  1.90929809e-01  9.81601437e-01]\n",
      " [ 8.40322170e-04 -9.81602926e-01  1.90931899e-01]] [0.00042477 0.06533673 0.03227281]\n",
      "Reading ../shapes\\AquaticAnimal\\m63.obj\n",
      "[[ 0.94940246  0.31405972  0.0012082 ]\n",
      " [ 0.31397363 -0.94921943  0.02007577]\n",
      " [-0.00745184  0.01868065  0.99979773]] [0.04384779 0.01902393 0.01444088]\n",
      "Reading ../shapes\\AquaticAnimal\\m64.obj\n",
      "[[ 9.99723727e-01  2.35021484e-02 -3.43383363e-04]\n",
      " [ 2.35035102e-02 -9.99712574e-01  4.72810126e-03]\n",
      " [ 2.32164128e-04  4.73486573e-03  9.99988764e-01]] [0.06007655 0.00757851 0.00121391]\n",
      "Reading ../shapes\\AquaticAnimal\\m65.obj\n",
      "[[-9.99998617e-01 -6.98283511e-04 -1.50970073e-03]\n",
      " [-1.38168493e-03 -1.56641092e-01  9.87654625e-01]\n",
      " [ 9.26144111e-04 -9.87655345e-01 -1.56639911e-01]] [0.00212332 0.03030042 0.00766154]\n",
      "Reading ../shapes\\AquaticAnimal\\m66.obj\n",
      "[[ 0.03901673  0.99381542 -0.10396448]\n",
      " [ 0.21249645  0.09341167  0.97268675]\n",
      " [-0.97638259  0.06004314  0.20753763]] [0.07709994 0.0065652  0.00514867]\n",
      "Reading ../shapes\\AquaticAnimal\\m67.obj\n",
      "[[ 0.99996732  0.00761113 -0.00272676]\n",
      " [ 0.0027759  -0.00645299  0.99997533]\n",
      " [-0.00759335  0.99995021  0.00647391]] [0.07938266 0.00822952 0.00092245]\n",
      "Reading ../shapes\\AquaticAnimal\\m68.obj\n",
      "[[ 0.9997534  -0.02195358  0.00334242]\n",
      " [-0.02192962 -0.99973471 -0.00704315]\n",
      " [-0.00349616 -0.00696812  0.99996961]] [0.04762117 0.00347412 0.00129308]\n",
      "Reading ../shapes\\AquaticAnimal\\m69.obj\n",
      "[[ 0.00104655 -0.99999321  0.00353333]\n",
      " [-0.05562151  0.00346965  0.9984459 ]\n",
      " [ 0.99845138  0.00124146  0.0556175 ]] [0.08150905 0.00527188 0.00208338]\n",
      "Reading ../shapes\\AquaticAnimal\\m70.obj\n",
      "[[ 3.46294999e-04  9.99997497e-01 -2.21057301e-03]\n",
      " [ 9.87002580e-03  2.20704753e-03  9.99948854e-01]\n",
      " [-9.99951230e-01  3.68095700e-04  9.86923681e-03]] [0.07628209 0.00479749 0.00165825]\n",
      "Reading ../shapes\\AquaticAnimal\\m71.obj\n",
      "[[ 9.99999998e-01  5.99883638e-05  3.31966280e-05]\n",
      " [ 3.36238315e-05 -7.13552755e-03 -9.99974541e-01]\n",
      " [ 5.97499611e-05 -9.99974540e-01  7.13552955e-03]] [0.0032074  0.07322106 0.00469284]\n",
      "Reading ../shapes\\AquaticAnimal\\m72.obj\n",
      "[[ 3.50504491e-04  9.99997472e-01 -2.22110344e-03]\n",
      " [ 1.88060034e-02  2.21411920e-03  9.99820700e-01]\n",
      " [-9.99823090e-01  3.92211724e-04  1.88051798e-02]] [0.07777543 0.00433456 0.00190725]\n",
      "Reading ../shapes\\AquaticAnimal\\m73.obj\n",
      "[[ 9.99010901e-01 -4.44516650e-02 -1.12619007e-03]\n",
      " [-4.44516925e-02 -9.99011535e-01  6.18719132e-07]\n",
      " [ 1.12510437e-03 -4.94429474e-05  9.99999366e-01]] [0.10172234 0.01648472 0.0042793 ]\n",
      "Reading ../shapes\\AquaticAnimal\\m74.obj\n",
      "[[-0.02365184 -0.89633877 -0.44273852]\n",
      " [-0.01687319  0.44315724 -0.89628509]\n",
      " [-0.99957785  0.01372838  0.02560558]] [0.08458252 0.00256251 0.00319038]\n",
      "Reading ../shapes\\AquaticAnimal\\m75.obj\n",
      "[[ 8.00169115e-04 -9.99991713e-01  3.99165805e-03]\n",
      " [-2.93427641e-02  3.96646155e-03  9.99561539e-01]\n",
      " [ 9.99569088e-01  9.16944552e-04  2.93393472e-02]] [0.057496   0.00427243 0.00310571]\n",
      "Reading ../shapes\\AquaticAnimal\\m76.obj\n",
      "[[ 9.99999968e-01  7.36854942e-05 -2.42930893e-04]\n",
      " [ 2.46260712e-04 -4.91788473e-02  9.98789958e-01]\n",
      " [-6.16492704e-05  9.98789986e-01  4.91788639e-02]] [0.00261455 0.07219954 0.00360945]\n",
      "Reading ../shapes\\AquaticAnimal\\m77.obj\n",
      "[[ 0.91370603 -0.40031118 -0.06994465]\n",
      " [-0.062288    0.03212436 -0.99754109]\n",
      " [-0.40157378 -0.91581602 -0.00441763]] [0.06925352 0.00330488 0.00243245]\n",
      "Reading ../shapes\\AquaticAnimal\\m78.obj\n",
      "[[-0.98575399 -0.16155318  0.04679359]\n",
      " [-0.06926358  0.64344237  0.76235456]\n",
      " [ 0.15326978 -0.74825296  0.64546563]] [0.08649475 0.003446   0.00276548]\n",
      "Reading ../shapes\\AquaticAnimal\\m79.obj\n",
      "[[ 0.99363008 -0.11184406  0.01379057]\n",
      " [-0.00571812 -0.17225676 -0.98503549]\n",
      " [-0.11254589 -0.97868203  0.17179904]] [0.0634126  0.00138989 0.0016271 ]\n",
      "Reading ../shapes\\AquaticAnimal\\m80.obj\n",
      "[[ 0.98597402  0.16264879 -0.0374246 ]\n",
      " [ 0.00716541  0.18277593  0.98312848]\n",
      " [-0.16674497  0.96960731 -0.17904688]] [0.06814064 0.00487357 0.00330688]\n",
      "Reading ../shapes\\AquaticAnimal\\m81.obj\n",
      "[[ 8.28428390e-04  9.99137379e-01  4.15188081e-02]\n",
      " [ 8.46584919e-02 -4.14398438e-02  9.95547929e-01]\n",
      " [-9.96409682e-01 -2.69017951e-03  8.46197936e-02]] [0.07368098 0.00180578 0.00230432]\n",
      "Reading ../shapes\\Bed\\D00031.obj\n",
      "[[-0.04008442 -0.9982518  -0.04343481]\n",
      " [ 0.03262356  0.04213906 -0.99857899]\n",
      " [-0.99866358  0.04144445 -0.0308774 ]] [0.01236356 0.28520725 0.22218709]\n",
      "Reading ../shapes\\Bed\\D00110.obj\n",
      "[[ 0.99476356 -0.10161901  0.01091023]\n",
      " [-0.10183366 -0.99457225  0.02135301]\n",
      " [-0.00868114  0.02235222  0.99971247]] [0.40463387 0.18544452 0.00915135]\n",
      "Reading ../shapes\\Bed\\D00121.obj\n",
      "[[ 0.97536658  0.20549266 -0.08020478]\n",
      " [ 0.21046069 -0.97580213  0.05930003]\n",
      " [ 0.06607827  0.07471922  0.99501291]] [0.38759629 0.15339093 0.03031534]\n",
      "Reading ../shapes\\Bed\\D00184.obj\n",
      "[[ 0.93221841 -0.35015781 -0.09142396]\n",
      " [-0.34259695 -0.93527584  0.08880554]\n",
      " [ 0.11660257  0.05146459  0.99184436]] [0.25347395 0.16633847 0.03146101]\n",
      "Reading ../shapes\\Bed\\D00210.obj\n",
      "[[ 0.99115615  0.08217848 -0.10419299]\n",
      " [ 0.11026464 -0.0731678   0.99120542]\n",
      " [-0.07383218  0.99392815  0.08158209]] [0.36595485 0.01453276 0.12875446]\n",
      "Reading ../shapes\\Bed\\D00213.obj\n",
      "[[ 0.99882736  0.04425739  0.01962615]\n",
      " [ 0.01559071  0.08975032 -0.99584226]\n",
      " [ 0.04583483 -0.99498048 -0.08895507]] [0.45004783 0.01424348 0.08751931]\n",
      "Reading ../shapes\\Bed\\D00217.obj\n",
      "[[ 9.99829576e-01  1.79869378e-02  4.15806971e-03]\n",
      " [ 1.84612512e-02 -9.74636459e-01 -2.23031288e-01]\n",
      " [-4.09564280e-05 -2.23070041e-01  9.74802418e-01]] [0.6684665  0.09932598 0.02403025]\n",
      "Reading ../shapes\\Bed\\D00307.obj\n",
      "[[-0.03385267 -0.99648686 -0.0766024 ]\n",
      " [-0.03944899 -0.07525431  0.99638374]\n",
      " [ 0.99864797 -0.03675214  0.03676284]] [0.010595   0.22648868 0.24233274]\n",
      "Reading ../shapes\\Bed\\D00322.obj\n",
      "[[ 0.99280576  0.10339183  0.06038921]\n",
      " [ 0.08342798 -0.23555554 -0.96827339]\n",
      " [ 0.08588654 -0.96634555  0.24248666]] [0.57705442 0.01630019 0.06221011]\n",
      "Reading ../shapes\\Bed\\D00417.obj\n",
      "[[ 0.99868837 -0.04790208  0.01808105]\n",
      " [-0.01937492 -0.02668557  0.9994561 ]\n",
      " [ 0.04739352  0.9984955   0.02757867]] [0.40985143 0.01332434 0.16048712]\n",
      "Reading ../shapes\\Bed\\D00538.obj\n",
      "[[ 0.99558751  0.05642147  0.07498085]\n",
      " [ 0.07730096 -0.04012556 -0.99620003]\n",
      " [ 0.05319842 -0.9976004   0.04430994]] [0.59003774 0.04203848 0.19631938]\n",
      "Reading ../shapes\\Bed\\D00545.obj\n",
      "[[ 0.99846683  0.05427608  0.01086679]\n",
      " [ 0.01065294  0.00422776 -0.99993432]\n",
      " [ 0.05431846 -0.99851702 -0.00364308]] [0.43633328 0.02791612 0.22098208]\n",
      "Reading ../shapes\\Bed\\D00552.obj\n",
      "[[ 0.13980367 -0.9785196  -0.15150684]\n",
      " [-0.98529731 -0.12230099 -0.11929664]\n",
      " [-0.09820466 -0.16595739  0.98123085]] [0.17788662 0.10167183 0.03305321]\n",
      "Reading ../shapes\\Bed\\D00565.obj\n",
      "[[ 0.98780994  0.15564436  0.00251962]\n",
      " [ 0.15548405 -0.98575428 -0.06413423]\n",
      " [ 0.0074984  -0.0637442   0.9979381 ]] [0.18116795 0.14005223 0.00365992]\n",
      "Reading ../shapes\\Bed\\D00650.obj\n",
      "[[ 0.99865753 -0.04586831 -0.02406747]\n",
      " [-0.02542425 -0.02922961 -0.99924934]\n",
      " [-0.0451304  -0.99851977  0.03035653]] [0.62941292 0.0385588  0.15056232]\n",
      "Reading ../shapes\\Bed\\D00735.obj\n",
      "[[ 0.97562333 -0.21766995 -0.02790903]\n",
      " [-0.21428134 -0.97234515  0.09288932]\n",
      " [ 0.04735643  0.08464461  0.99528522]] [0.22168637 0.11605561 0.01230235]\n",
      "Reading ../shapes\\Bed\\D00836.obj\n",
      "[[ 0.98693257 -0.14212599 -0.075923  ]\n",
      " [-0.03226091  0.28735295 -0.95728132]\n",
      " [-0.15787125 -0.94722146 -0.27901287]] [0.31724432 0.03680523 0.07763506]\n",
      "Reading ../shapes\\Bed\\D00839.obj\n",
      "[[ 0.97738133 -0.20774634 -0.03958793]\n",
      " [-0.21012691 -0.97511799 -0.0706511 ]\n",
      " [ 0.0239254  -0.07737155  0.99671521]] [0.47163259 0.15703885 0.01431196]\n",
      "Reading ../shapes\\Bed\\D00969.obj\n",
      "[[ 0.97148533 -0.23503793  0.03119965]\n",
      " [-0.23511742 -0.9719663  -0.00114804]\n",
      " [-0.03059484  0.00622028  0.99951251]] [0.34128457 0.16350726 0.03909158]\n",
      "Reading ../shapes\\Bed\\D00988.obj\n",
      "[[ 0.99746721  0.05618586 -0.04361554]\n",
      " [ 0.03859186  0.08758766  0.995409  ]\n",
      " [-0.05974809  0.99457104 -0.0851975 ]] [0.57716231 0.0345261  0.22718091]\n",
      "Reading ../shapes\\Bed\\m945.obj\n",
      "[[ 0.05779763  0.99824997  0.01250707]\n",
      " [ 0.22035183 -0.02497517  0.97510067]\n",
      " [-0.97370658  0.05360255  0.22140971]] [0.0830526  0.04592912 0.01343153]\n",
      "Reading ../shapes\\Bed\\m946.obj\n",
      "[[ 9.99999998e-01  1.13871314e-05 -6.57756630e-05]\n",
      " [-6.57755430e-05 -1.05393584e-05 -9.99999998e-01]\n",
      " [ 1.13878246e-05 -1.00000000e+00  1.05386094e-05]] [0.02621383 0.20729368 0.01611534]\n",
      "Reading ../shapes\\Bed\\m947.obj\n",
      "[[ 1.00000000e+00  1.99046627e-06 -1.21305398e-06]\n",
      " [-1.34426178e-06  6.72998303e-02 -9.97732796e-01]\n",
      " [ 1.90431515e-06 -9.97732796e-01 -6.72998303e-02]] [0.04860666 0.20925453 0.01682362]\n",
      "Reading ../shapes\\Bed\\m948.obj\n",
      "[[-0.14074129 -0.9832638  -0.11569003]\n",
      " [-0.98940613  0.14388857 -0.01927679]\n",
      " [-0.03560064 -0.11175138  0.99309829]] [0.098634   0.13901924 0.17409414]\n",
      "Reading ../shapes\\Bed\\m949.obj\n",
      "[[ 0.99989823  0.0109299  -0.00916864]\n",
      " [ 0.0109408  -0.9999395   0.00113973]\n",
      " [ 0.00915563  0.00123993  0.99995732]] [0.14835319 0.02475531 0.0273844 ]\n",
      "Reading ../shapes\\Bed\\m950.obj\n",
      "[[ 9.99999994e-01  1.05306742e-04  3.95075068e-05]\n",
      " [ 1.07607740e-04 -9.97972517e-01 -6.36462401e-02]\n",
      " [-3.27250278e-05 -6.36462440e-02  9.97972522e-01]] [0.09869962 0.13116542 0.17607954]\n",
      "Reading ../shapes\\Bed\\m951.obj\n",
      "[[ 9.99997218e-01  2.35552257e-03  1.27579938e-04]\n",
      " [ 7.67078454e-05 -8.65239496e-02  9.96249768e-01]\n",
      " [-2.35772753e-03  9.96246986e-01  8.65238895e-02]] [0.0810099  0.11002261 0.0062379 ]\n",
      "Reading ../shapes\\Bicycle\\D00016.obj\n",
      "[[ 0.99976301 -0.02067455  0.00681844]\n",
      " [-0.02064141 -0.99977496 -0.00489533]\n",
      " [-0.00691812 -0.00475342  0.99996477]] [0.32018279 0.08086464 0.00236648]\n",
      "Reading ../shapes\\Bicycle\\D00033.obj\n",
      "[[ 0.99803251  0.06251182 -0.00483595]\n",
      " [ 0.06242685 -0.99791997 -0.01608194]\n",
      " [ 0.0058312  -0.0157484   0.99985898]] [0.33885282 0.06559482 0.00291916]\n",
      "Reading ../shapes\\Bicycle\\D00040.obj\n",
      "[[ 0.99921771 -0.0394686  -0.00248769]\n",
      " [-0.03915678 -0.99621495  0.0776049 ]\n",
      " [ 0.00554123  0.07744678  0.99698109]] [0.1030024  0.02108177 0.00165892]\n",
      "Reading ../shapes\\Bicycle\\D00077.obj\n",
      "[[ 9.78409341e-01  2.06345155e-01 -1.16978062e-02]\n",
      " [ 2.06674768e-01 -9.76603464e-01  5.94240213e-02]\n",
      " [-8.37740821e-04  6.05586589e-02  9.98164289e-01]] [0.21861307 0.06218885 0.0043226 ]\n",
      "Reading ../shapes\\Bicycle\\D00078.obj\n",
      "[[ 0.98375646 -0.17911023 -0.01194797]\n",
      " [-0.1794874  -0.98247638 -0.05024371]\n",
      " [ 0.00273943 -0.05157209  0.99866552]] [0.2200009  0.07510062 0.00847219]\n",
      "Reading ../shapes\\Bicycle\\D00462.obj\n",
      "[[ 0.99918827  0.03417459  0.0213283 ]\n",
      " [ 0.03482564 -0.99891439 -0.03093906]\n",
      " [-0.02024782 -0.03165671  0.99929369]] [0.24155293 0.04837869 0.00275953]\n",
      "Reading ../shapes\\Bicycle\\D00514.obj\n",
      "[[ 0.99932566  0.03606772 -0.00688015]\n",
      " [ 0.03615118 -0.99926916  0.01241932]\n",
      " [ 0.00642718  0.01265968  0.99989921]] [0.28110625 0.06574076 0.00423044]\n",
      "Reading ../shapes\\Bicycle\\D00536.obj\n",
      "[[ 0.98718837  0.15887599 -0.01474951]\n",
      " [ 0.15874145 -0.98727064 -0.00989099]\n",
      " [ 0.0161332  -0.00742291  0.9998423 ]] [0.30888051 0.10174058 0.01670116]\n",
      "Reading ../shapes\\Bicycle\\D00555.obj\n",
      "[[ 0.99967402 -0.02499975  0.00518269]\n",
      " [-0.02502097 -0.99967864  0.00406984]\n",
      " [-0.00507928  0.00419819  0.99997829]] [0.26819921 0.0816824  0.00659577]\n",
      "Reading ../shapes\\Bicycle\\D00558.obj\n",
      "[[ 0.99789093 -0.0645139   0.00718698]\n",
      " [-0.06446607 -0.99789741 -0.00669916]\n",
      " [-0.00760406 -0.00622171  0.99995173]] [0.24064428 0.07029956 0.00533454]\n",
      "Reading ../shapes\\Bicycle\\D00567.obj\n",
      "[[ 0.99948225 -0.03215385 -0.00116393]\n",
      " [-0.03209827 -0.99894431  0.0328627 ]\n",
      " [ 0.00221937  0.03280832  0.9994592 ]] [0.26631357 0.08668334 0.00448216]\n",
      "Reading ../shapes\\Bicycle\\D00621.obj\n",
      "[[ 0.99994681  0.00646067 -0.00804009]\n",
      " [ 0.00801372  0.00409822  0.99995949]\n",
      " [-0.00649336  0.99997073 -0.00404623]] [0.32018483 0.00236649 0.08086515]\n",
      "Reading ../shapes\\Bicycle\\D00708.obj\n",
      "[[ 9.77534403e-01 -2.10774658e-01 -7.30636006e-04]\n",
      " [-2.10768788e-01 -9.77523956e-01  4.84084840e-03]\n",
      " [ 1.73454237e-03  4.57810059e-03  9.99988016e-01]] [0.24161643 0.06945113 0.00363479]\n",
      "Reading ../shapes\\Bicycle\\D00750.obj\n",
      "[[ 0.9968443   0.06500636 -0.04555889]\n",
      " [ 0.05078154 -0.08109072  0.99541224]\n",
      " [-0.06101372  0.99458457  0.08413595]] [0.32831873 0.00887666 0.09508102]\n",
      "Reading ../shapes\\Bicycle\\D00838.obj\n",
      "[[ 0.98591559  0.16722289  0.00263893]\n",
      " [ 0.16721687 -0.98591732  0.00235575]\n",
      " [-0.0029957   0.0018813   0.99999374]] [0.24362526 0.07034634 0.00342274]\n",
      "Reading ../shapes\\Bicycle\\D00847.obj\n",
      "[[ 0.97378863  0.227295   -0.00852596]\n",
      " [ 0.2273665  -0.97168163  0.06433729]\n",
      " [-0.00633903  0.06458944  0.99789179]] [0.2200211  0.07509336 0.00847291]\n",
      "Reading ../shapes\\Bicycle\\D00904.obj\n",
      "[[ 0.99198194  0.12634241  0.00307079]\n",
      " [ 0.12632712 -0.99197728  0.00474807]\n",
      " [-0.00364604  0.00432208  0.99998401]] [0.29776572 0.09531344 0.00263736]\n",
      "Reading ../shapes\\Bicycle\\D00930.obj\n",
      "[[ 0.99981776 -0.01472305 -0.01215211]\n",
      " [-0.01221299 -0.00405228 -0.99991721]\n",
      " [-0.01467259 -0.9998834   0.00423135]] [0.23841484 0.00748514 0.08690294]\n",
      "Reading ../shapes\\Bicycle\\D00931.obj\n",
      "[[ 0.98330698 -0.17433     0.05211944]\n",
      " [-0.16051367 -0.96598822 -0.20273658]\n",
      " [-0.08568983 -0.19098641  0.97784531]] [0.21226612 0.06341378 0.00665509]\n",
      "Reading ../shapes\\Bicycle\\D00974.obj\n",
      "[[ 9.72721916e-01  2.31972693e-01  8.62677987e-04]\n",
      " [ 2.31914960e-01 -9.72550487e-01  1.90000656e-02]\n",
      " [-5.24649427e-03  1.82817123e-02  9.99819110e-01]] [0.18620417 0.05548828 0.00378043]\n",
      "Reading ../shapes\\Bicycle\\m1472.obj\n",
      "[[-0.99981043 -0.01849254 -0.00609273]\n",
      " [-0.01943642  0.96641525  0.25624947]\n",
      " [-0.0011494  -0.25631932  0.96659148]] [0.00220156 0.02433324 0.0608349 ]\n",
      "Reading ../shapes\\Bicycle\\m1473.obj\n",
      "[[ 9.98809830e-01  4.87735547e-02  2.53783455e-04]\n",
      " [ 4.87722037e-02 -9.98802375e-01  3.88423221e-03]\n",
      " [-4.42927330e-04  3.86723173e-03  9.99992424e-01]] [0.08090855 0.0156622  0.00069701]\n",
      "Reading ../shapes\\Bicycle\\m1475.obj\n",
      "[[ 0.92423417  0.38182153 -0.00187271]\n",
      " [ 0.38161575 -0.92355104  0.03772122]\n",
      " [-0.01267323  0.0355779   0.99928655]] [0.04556199 0.01358477 0.0009254 ]\n",
      "Reading ../shapes\\Bicycle\\m1476.obj\n",
      "[[-0.99989768  0.01420753 -0.00166557]\n",
      " [ 0.01393671  0.99378498  0.11044081]\n",
      " [-0.00322431 -0.1104063   0.99388131]] [0.00109771 0.02122927 0.0652218 ]\n",
      "Reading ../shapes\\Bicycle\\m1477.obj\n",
      "[[ 0.8713449   0.49063388 -0.00603795]\n",
      " [ 0.48968171 -0.86874115  0.07416629]\n",
      " [-0.03114308  0.06758109  0.99722761]] [0.0519619  0.01774018 0.00200061]\n",
      "Reading ../shapes\\Bicycle\\m1478.obj\n",
      "[[ 0.99138958  0.13073077  0.00749445]\n",
      " [ 0.13060556 -0.99131652  0.01528902]\n",
      " [-0.00942812  0.01417856  0.99985503]] [0.08140387 0.02055918 0.00060166]\n",
      "Reading ../shapes\\Biplane\\D00069.obj\n",
      "[[ 0.99994821 -0.01009863  0.00126393]\n",
      " [-0.00101789  0.0243319   0.99970342]\n",
      " [ 0.01012639  0.99965293 -0.02432036]] [0.11319739 0.01443571 0.08909413]\n",
      "Reading ../shapes\\Biplane\\D00132.obj\n",
      "[[ 0.99977042  0.02111599 -0.00363659]\n",
      " [ 0.02113688 -0.99975972  0.00580747]\n",
      " [ 0.00351309  0.005883    0.99997652]] [0.35550617 0.17844675 0.0062562 ]\n",
      "Reading ../shapes\\Biplane\\D00178.obj\n",
      "[[ 0.72073995 -0.69296346  0.01831866]\n",
      " [-0.69239366 -0.72092301 -0.02934347]\n",
      " [-0.03354029 -0.00846529  0.99940151]] [0.05948381 0.04247856 0.00423028]\n",
      "Reading ../shapes\\Biplane\\D00199.obj\n",
      "[[-0.03709806  0.9959745   0.08159983]\n",
      " [ 0.03280279  0.08282572 -0.99602403]\n",
      " [ 0.9987731   0.03427386  0.03574342]] [0.02374206 0.11479432 0.10333547]\n",
      "Reading ../shapes\\Biplane\\D00246.obj\n",
      "[[ 9.99181979e-01  4.04186001e-02 -1.30774189e-03]\n",
      " [ 4.04302091e-02 -9.99126204e-01  1.05937083e-02]\n",
      " [ 8.78416332e-04  1.06379147e-02  9.99943030e-01]] [0.0769772  0.0267322  0.00418181]\n",
      "Reading ../shapes\\Biplane\\D00276.obj\n",
      "[[ 1.78816027e-01 -9.08726584e-01 -3.77148278e-01]\n",
      " [ 7.49183758e-04  3.83452182e-01 -9.23560427e-01]\n",
      " [-9.83882243e-01 -1.64864853e-01 -6.92481988e-02]] [0.0438167  0.11934581 0.13616973]\n",
      "Reading ../shapes\\Biplane\\D00277.obj\n",
      "[[ 0.99973644 -0.0161532   0.01631323]\n",
      " [-0.01519528  0.06706694  0.99763276]\n",
      " [ 0.01720904  0.99761771 -0.06680381]] [0.07170708 0.01124457 0.04238678]\n",
      "Reading ../shapes\\Biplane\\D00320.obj\n",
      "[[-0.01151524  0.99987445 -0.0108849 ]\n",
      " [-0.00368847  0.01084307  0.99993441]\n",
      " [-0.99992689 -0.01155463 -0.00356315]] [0.01051447 0.09234232 0.07408992]\n",
      "Reading ../shapes\\Biplane\\D00373.obj\n",
      "[[ 0.99509151  0.09764111 -0.01609643]\n",
      " [ 0.09771984 -0.9952052   0.00417735]\n",
      " [ 0.01561137  0.00572979  0.99986172]] [0.24891167 0.05849365 0.01914669]\n",
      "Reading ../shapes\\Biplane\\D00410.obj\n",
      "[[ 9.67252205e-01 -2.53816178e-01  7.20667968e-04]\n",
      " [-2.53809934e-01 -9.67199126e-01  1.03135268e-02]\n",
      " [ 1.92071051e-03  1.01586942e-02  9.99946554e-01]] [0.09535476 0.06373285 0.00916995]\n",
      "Reading ../shapes\\Biplane\\D00490.obj\n",
      "[[ 0.38438299  0.92311905 -0.01004698]\n",
      " [ 0.92280847 -0.38390205  0.03230692]\n",
      " [-0.02596607  0.02168967  0.9994275 ]] [0.14301776 0.08599932 0.0108647 ]\n",
      "Reading ../shapes\\Biplane\\D00515.obj\n",
      "[[ 0.8828266   0.46918885  0.02188652]\n",
      " [ 0.46918969 -0.8830808   0.00541558]\n",
      " [-0.02186849 -0.00548791  0.99974579]] [0.20713031 0.1070639  0.02477182]\n",
      "Reading ../shapes\\Biplane\\D00601.obj\n",
      "[[ 0.97968781 -0.19444468  0.04902093]\n",
      " [-0.19603133 -0.98014137  0.02991023]\n",
      " [-0.04223156  0.03891232  0.9983498 ]] [0.13437349 0.08285392 0.03786288]\n",
      "Reading ../shapes\\Biplane\\D00616.obj\n",
      "[[ 0.99935725 -0.03245926  0.01521445]\n",
      " [-0.03430745 -0.98908136  0.14332153]\n",
      " [-0.01039622  0.14375138  0.98955922]] [0.12738082 0.04942258 0.00814616]\n",
      "Reading ../shapes\\Biplane\\D00632.obj\n",
      "[[ 0.99988973  0.0134955  -0.00619697]\n",
      " [ 0.00611533  0.00608226  0.9999628 ]\n",
      " [-0.01353269  0.99989043 -0.00599906]] [0.18295084 0.01520075 0.07476711]\n",
      "Reading ../shapes\\Biplane\\D00634.obj\n",
      "[[-0.01948732 -0.99954579  0.02298805]\n",
      " [-0.07879306  0.02445626  0.99659096]\n",
      " [ 0.99670051 -0.01760959  0.07923386]] [0.02288049 0.16311585 0.13374657]\n",
      "Reading ../shapes\\Biplane\\D00666.obj\n",
      "[[ 0.99960129  0.02397315  0.01491791]\n",
      " [ 0.01537075 -0.01881727 -0.99970478]\n",
      " [ 0.02368536 -0.99953549  0.01917825]] [0.24150037 0.01002666 0.08697635]\n",
      "Reading ../shapes\\Biplane\\D00854.obj\n",
      "[[ 0.99511235 -0.06279581  0.07621086]\n",
      " [-0.07371994  0.04107562  0.99643272]\n",
      " [ 0.0657022   0.99718077 -0.03624556]] [0.08642533 0.01539381 0.05874101]\n",
      "Reading ../shapes\\Biplane\\D00890.obj\n",
      "[[-0.01355952  0.99903975 -0.04166206]\n",
      " [ 0.00672966 -0.04157376 -0.99911277]\n",
      " [ 0.99988542  0.01382786  0.00615948]] [0.01321925 0.12173785 0.15441967]\n",
      "Reading ../shapes\\Biplane\\D00900.obj\n",
      "[[-0.05818187 -0.99779888 -0.03181599]\n",
      " [ 0.03197603 -0.03371626  0.99891979]\n",
      " [ 0.99779377 -0.05710167 -0.03386732]] [0.01156217 0.10195858 0.11330368]\n",
      "Reading ../shapes\\Biplane\\m1118.obj\n",
      "[[-9.99998349e-01 -1.81686733e-03 -3.37646557e-05]\n",
      " [-1.78836660e-03  9.87267568e-01 -1.59058325e-01]\n",
      " [-3.22322624e-04  1.59058002e-01  9.87269187e-01]] [0.05934015 0.00445379 0.00986466]\n",
      "Reading ../shapes\\Biplane\\m1119.obj\n",
      "[[-0.00376899  0.9999495  -0.00931654]\n",
      " [ 0.9943813   0.0047333   0.10575175]\n",
      " [-0.10579051  0.00886562  0.99434892]] [0.0073821  0.04081084 0.03578465]\n",
      "Reading ../shapes\\Biplane\\m1120.obj\n",
      "[[ 9.93285589e-01 -1.15688064e-01  1.06247539e-04]\n",
      " [-1.68089742e-02 -1.43411317e-01  9.89520415e-01]\n",
      " [ 1.14460464e-01  9.82878154e-01  1.44392993e-01]] [0.04494767 0.04589942 0.0033455 ]\n",
      "Reading ../shapes\\Biplane\\m1121.obj\n",
      "[[-0.09038955  0.99590204  0.00297703]\n",
      " [ 0.01460183 -0.00166368  0.999892  ]\n",
      " [-0.99579944 -0.09042326  0.01439162]] [0.00834258 0.03284659 0.02815551]\n",
      "Reading ../shapes\\Biplane\\m1122.obj\n",
      "[[ 0.99838511  0.05659726  0.00489067]\n",
      " [-0.00160514 -0.05795155  0.99831811]\n",
      " [-0.05678549  0.99671378  0.05776711]] [0.03596232 0.00400274 0.01610836]\n",
      "Reading ../shapes\\Biplane\\m1123.obj\n",
      "[[-9.91540206e-01  1.29797818e-01  7.39469270e-04]\n",
      " [ 7.79091480e-04  2.54484289e-04  9.99999664e-01]\n",
      " [-1.29797586e-01 -9.91540449e-01  3.53455778e-04]] [0.02238728 0.00599302 0.01559595]\n",
      "Reading ../shapes\\Biplane\\m1124.obj\n",
      "[[-1.36153752e-02  9.99857556e-01 -9.97446479e-03]\n",
      " [-4.37154684e-04  9.96943621e-03  9.99950208e-01]\n",
      " [-9.99907211e-01 -1.36190577e-02 -3.01354799e-04]] [0.00201574 0.0385104  0.03212752]\n",
      "Reading ../shapes\\Biplane\\m1125.obj\n",
      "[[-2.62352267e-02  9.99655201e-01  1.09222490e-03]\n",
      " [ 3.58189867e-04 -1.08320049e-03  9.99999349e-01]\n",
      " [-9.99655733e-01 -2.62356009e-02  3.29648353e-04]] [0.0067279  0.05235515 0.06475751]\n",
      "Reading ../shapes\\Biplane\\m1126.obj\n",
      "[[-9.99815575e-01  1.92035334e-02 -2.02511335e-04]\n",
      " [ 2.04638531e-04  1.08806075e-04 -9.99999973e-01]\n",
