Unnamed: 0.3,Unnamed: 0.2,Unnamed: 0.1,Unnamed: 0,Path,Vertices,CenterOfMass,Means,Scaling,AverageSize,DiagonalSize,Bounds,Position,Cells,Class,Type,Eigenvalue,Eigenvectors,Vertices_bin,Source
4,4,4,4,../shapes/AircraftBuoyant/m1341.obj,425,[0.20235557 0.39406215 0.20228764],[0.20235543 0.39406213 0.2022876 ],[1. 1. 1.],0.27919862,1.0742192343342958,[0.025    0.379575 0.025    0.975    0.025    0.379575],[0. 0. 0.],824,AircraftBuoyant,Triangle,[0.08771655 0.00299744 0.00286422],"[[-2.07843352e-04 -9.99999978e-01  1.48961295e-06]
 [-9.99999978e-01  2.07843352e-04 -1.29210812e-08]
 [-1.26114748e-08  1.48961560e-06  1.00000000e+00]]","(177.999, 778.0]",Subset
0,0,0,0,../shapes/AircraftBuoyant/m1337.obj,201,[0.45806434 0.51589742 0.45660967],[0.45806432 0.5158974  0.45660958],[1. 1. 1.],0.4403466,1.547999033808513,[0.025    0.889234 0.025    0.975    0.025    0.889234],[0. 0. 0.],340,AircraftBuoyant,Triangle,[0.10504596 0.04645249 0.04645206],"[[ 1.37933137e-03 -8.60535996e-01  5.09387767e-01]
 [-9.99998671e-01 -1.62949098e-03 -4.49679127e-05]
 [-8.68739279e-04  5.09387028e-01  8.60537100e-01]]","(177.999, 778.0]",Subset
5,5,5,5,../shapes/AircraftBuoyant/m1342.obj,1252,[0.3500422  0.23383409 0.30815935],[0.35004213 0.23383431 0.3081591 ],[1. 1. 1.],0.25123128,1.2601829338176036,[0.025    0.611587 0.025    0.975    0.025    0.60936 ],[0. 0. 0.],2305,AircraftBuoyant,Triangle,[0.08185583 0.00747886 0.00791175],"[[ 0.0603678  -0.98356146 -0.17018394]
 [-0.99801767 -0.05643591 -0.02785187]
 [-0.01778954 -0.17152794  0.98501863]]","(778.0, 1878.0]",Subset
7,7,7,7,../shapes/AircraftBuoyant/m1344.obj,1093,[0.35005955 0.29013131 0.34940063],[0.35006022 0.29013172 0.34940135],[1. 1. 1.],0.31204855,1.3210452252474445,[0.025    0.674099 0.025    0.975    0.025    0.6741  ],[0. 0. 0.],1930,AircraftBuoyant,Triangle,[0.10835615 0.01093409 0.0108532 ],"[[ 1.01636442e-03 -9.99970329e-01  7.63602075e-03]
 [-9.99999434e-01 -1.01874947e-03 -3.08459073e-04]
 [-3.16229113e-04  7.63570291e-03  9.99970798e-01]]","(778.0, 1878.0]",Subset
15,15,15,15,../shapes/AircraftBuoyant/m1352.obj,3298,[0.46863493 0.18617714 0.17864334],[0.46863344 0.18617718 0.17864327],[1. 1. 1.],0.27261302,1.0586703243479876,[0.025    0.975    0.025    0.376642 0.025    0.332621],[0. 0. 0.],6348,AircraftBuoyant,Triangle,[0.07047498 0.01012987 0.00495225],"[[ 0.99999658 -0.0023833  -0.00107235]
 [-0.00238531 -0.99999539 -0.0018792 ]
 [ 0.00106786 -0.00188176  0.99999766]]","(1878.0, 12987.0]",Subset
8,8,8,8,../shapes/AircraftBuoyant/m1345.obj,3174,[0.31304833 0.58999737 0.3130726 ],[0.3130477  0.58999914 0.31307226],[1. 1. 1.],0.34617567,1.2516750746945922,[0.025    0.601277 0.025    0.975    0.025    0.601277],[0. 0. 0.],6000,AircraftBuoyant,Triangle,[0.09119675 0.02040059 0.02041466],"[[ 1.11849481e-03  9.99225416e-01 -3.93359515e-02]
 [ 9.99998882e-01 -1.15666386e-03 -9.47590311e-04]
 [ 9.92354796e-04  3.93348477e-02  9.99225593e-01]]","(1878.0, 12987.0]",Subset
26,26,26,26,../shapes/Apartment/D00639.obj,4849,[ 0.1916355  -0.02615515 -0.12254833],[ 0.19163585 -0.0261552  -0.12254826],[1. 1. 1.],0.554428,2.2844846659615103,[-0.542818  1.14108  -0.544259  0.500059 -0.687879  0.449116],[0. 0. 0.],7980,Apartment,Triangle,[0.19643149 0.05736936 0.08108464],"[[ 0.98329075  0.18155036  0.01337046]
 [ 0.03728557 -0.12896214 -0.99094831]
 [ 0.17818274 -0.97488883  0.13357649]]","(1293.999, 4876.0]",Subset
22,22,22,22,../shapes/Apartment/D00366.obj,1294,[-0.02215598 -0.07962717  0.02382457],[-0.02215597 -0.07962724  0.02382454],[1. 1. 1.],0.6026213,2.4926392104207347,[-0.895467  0.745644 -0.856715  0.59104  -0.663917  0.529402],[0. 0. 0.],2540,Apartment,Triangle,[0.20970553 0.1047377  0.08072606],"[[ 0.99661581  0.07339569  0.03701341]
 [ 0.08181126 -0.92941841 -0.35984487]
 [-0.00798988 -0.3616552   0.93227768]]","(1293.999, 4876.0]",Subset
24,24,24,24,../shapes/Apartment/D00496.obj,7737,[-0.00174584 -0.00655535 -0.03233715],[-0.00174572 -0.0065554  -0.03233716],[1. 1. 1.],0.51895636,2.4689015645256207,[-0.643419  1.15353  -0.704659  0.878216 -0.341188  0.259608],[0. 0. 0.],2579,Apartment,Triangle,[0.04797047 0.11902877 0.12583616],"[[ 5.27407637e-02  9.10681859e-01 -4.09727913e-01]
 [ 2.31046545e-02  4.09076305e-01  9.12207625e-01]
 [-9.98340917e-01  5.75771487e-02 -5.34007004e-04]]","(4876.0, 12805.333]",Subset
33,33,33,33,../shapes/Apartment/D00869.obj,4930,[-0.15508069  0.08652805  0.13220488],[-0.15508054  0.08652805  0.13220489],[1. 1. 1.],0.66172063,2.242601236091008,[-0.984513  0.688383 -0.521765  0.644962 -0.380646  0.551785],[0. 0. 0.],9069,Apartment,Triangle,[0.26627842 0.12188595 0.07982689],"[[ 0.99061291  0.13211515 -0.03509488]
 [ 0.13542341 -0.9834532   0.12033415]
 [ 0.0186162   0.12395723  0.99211292]]","(4876.0, 12805.333]",Subset
34,34,34,34,../shapes/Apartment/D00921.obj,12842,[ 0.2413255  -0.12752701 -0.09216274],[ 0.2413243  -0.12752749 -0.09216282],[1. 1. 1.],0.40712336,2.259901542921943,[-0.850705  0.822601 -0.487423  0.545748 -0.558467  0.554978],[0. 0. 0.],7983,Apartment,Triangle,[0.08220139 0.05114192 0.06151274],"[[ 0.94408494  0.31905307 -0.08311902]
 [ 0.21163009 -0.77973161 -0.58926337]
 [ 0.25281681 -0.53872418  0.8036541 ]]","(12805.333, 73184.0]",Subset
20,20,20,20,../shapes/Apartment/D00310.obj,14464,[ 0.07108421 -0.00575935 -0.01667491],[ 0.07108408 -0.00575939 -0.01667494],[1. 1. 1.],0.5773757,2.107706777255948,[-0.744656  1.03298  -0.389316  0.494357 -0.368775  0.339434],[0. 0. 0.],9480,Apartment,Triangle,[0.27760058 0.07429363 0.02494206],"[[ 0.99840528 -0.051258   -0.02365413]
 [-0.05083436 -0.99854167  0.01817693]
 [ 0.02455135  0.0169455   0.99955494]]","(12805.333, 73184.0]",Subset
59,59,59,59,../shapes/AquaticAnimal/m73.obj,285,[0.4612261  0.2701536  0.20001645],[0.46122614 0.2701536  0.20001648],[1. 1. 1.],0.32917947,1.1700709415380086,[0.025    0.975    0.025    0.610865 0.025    0.376181],[0. 0. 0.],564,AquaticAnimal,Triangle,[0.10172234 0.01648472 0.0042793 ],"[[ 9.99010901e-01 -4.44516650e-02 -1.12619007e-03]
 [-4.44516925e-02 -9.99011535e-01  6.18719132e-07]
 [ 1.12510437e-03 -4.94429474e-05  9.99999366e-01]]","(43.999, 323.667]",Subset
65,65,65,65,../shapes/AquaticAnimal/m79.obj,166,[0.54346979 0.08748187 0.18520658],[0.5434697  0.08748189 0.18520659],[1. 1. 1.],0.2260531,1.0159197469431769,[0.025    0.975    0.025    0.256171 0.025    0.300958],[0. 0. 0.],226,AquaticAnimal,Triangle,[0.0634126  0.00138989 0.0016271 ],"[[ 0.99363008 -0.11184406  0.01379057]
 [-0.00571812 -0.17225676 -0.98503549]
 [-0.11254589 -0.97868203  0.17179904]]","(43.999, 323.667]",Subset
49,49,49,49,../shapes/AquaticAnimal/m63.obj,1112,[0.28012325 0.31798494 0.40386306],[0.28012273 0.31798536 0.40386322],[1. 1. 1.],0.24972048,1.3991854087629076,[0.025    0.975    0.025    0.724541 0.025    0.777238],[0. 0. 0.],1792,AquaticAnimal,Triangle,[0.04384779 0.01902393 0.01444088],"[[ 0.94940246  0.31405972  0.0012082 ]
 [ 0.31397363 -0.94921943  0.02007577]
 [-0.00745184  0.01868065  0.99979773]]","(323.667, 1426.0]",Subset
58,58,58,58,../shapes/AquaticAnimal/m72.obj,331,[0.24060458 0.10216127 0.59096552],[0.24060462 0.10216119 0.5909651 ],[1. 1. 1.],0.25571853,1.0700459221918832,[0.025    0.456203 0.025    0.262828 0.025    0.975   ],[0. 0. 0.],590,AquaticAnimal,Triangle,[0.07777543 0.00433456 0.00190725],"[[ 3.50504491e-04  9.99997472e-01 -2.22110344e-03]
 [ 1.88060034e-02  2.21411920e-03  9.99820700e-01]
 [-9.99823090e-01  3.92211724e-04  1.88051798e-02]]","(323.667, 1426.0]",Subset
43,43,43,43,../shapes/AquaticAnimal/m57.obj,18878,[0.08475104 0.18853803 0.66922081],[0.08475105 0.1885381  0.6692231 ],[1. 1. 1.],0.21900342,1.024436912751166,[0.025    0.143963 0.025    0.389443 0.025    0.975   ],[0. 0. 0.],36278,AquaticAnimal,Triangle,[0.00068347 0.05013035 0.00591201],"[[-9.99998930e-01 -1.84669253e-04  1.45138428e-03]
 [-1.43903064e-03 -5.49999464e-02 -9.98485320e-01]
 [-2.64215596e-04  9.98486340e-01 -5.49996218e-02]]","(1426.0, 19505.0]",Subset
41,41,41,41,../shapes/AquaticAnimal/m55.obj,19505,[0.09274598 0.17740759 0.68372766],[0.09274594 0.17740712 0.68372744],[1. 1. 1.],0.22373748,1.026218370569297,[0.025    0.18151  0.025    0.380146 0.025    0.975   ],[0. 0. 0.],37072,AquaticAnimal,Triangle,[0.05669037 0.00118698 0.00413497],"[[ 0.0615859   0.99809744 -0.00294422]
 [ 0.01668159 -0.00397871 -0.99985294]
 [ 0.99796237 -0.06152773  0.01689488]]","(1426.0, 19505.0]",Subset
83,83,83,83,../shapes/Bed/D00735.obj,453,[-0.13221454  0.1241256   0.04714398],[-0.13221453  0.12412558  0.04714396],[1. 1. 1.],0.48421863,2.3951179128341904,[-0.644923  1.11344  -0.684425  0.73777  -0.312594  0.476146],[0. 0. 0.],684,Bed,Triangle,[0.22168637 0.11605561 0.01230235],"[[ 0.97562333 -0.21766995 -0.02790903]
 [-0.21428134 -0.97234515  0.09288932]
 [ 0.04735643  0.08464461  0.99528522]]","(362.999, 1317.333]",Subset
93,93,93,93,../shapes/Bed/m950.obj,437,[0.39720744 0.44493801 0.49997185],[0.3972077  0.44493774 0.49997178],[1. 1. 1.],0.63385785,1.4844177333930204,[0.025    0.769384 0.025    0.889227 0.025    0.975   ],[0. 0. 0.],724,Bed,Triangle,[0.09869962 0.13116542 0.17607954],"[[ 9.99999994e-01  1.05306742e-04  3.95075068e-05]
 [ 1.07607740e-04 -9.97972517e-01 -6.36462401e-02]
 [-3.27250278e-05 -6.36462440e-02  9.97972522e-01]]","(362.999, 1317.333]",Subset
68,68,68,68,../shapes/Bed/D00031.obj,1867,[-0.16601179  0.05554633  0.02336353],[-0.16601163  0.05554634  0.02336352],[1. 1. 1.],0.6624385,2.22610832497727,[-0.669666  0.930426 -0.708463  0.726534 -0.267503  0.312193],[0. 0. 0.],3590,Bed,Triangle,[0.01236356 0.28520725 0.22218709],"[[-0.04008442 -0.9982518  -0.04343481]
 [ 0.03262356  0.04213906 -0.99857899]
 [-0.99866358  0.04144445 -0.0308774 ]]","(1317.333, 6611.333]",Subset
91,91,91,91,../shapes/Bed/m948.obj,4597,[0.51297679 0.44666995 0.42297758],[0.5129776  0.44666904 0.42297286],[1. 1. 1.],0.62655187,1.5916807076358457,[0.025    0.975    0.025    0.893382 0.025    0.961408],[0. 0. 0.],9038,Bed,Triangle,[0.098634   0.13901924 0.17409414],"[[-0.14074129 -0.9832638  -0.11569003]
 [-0.98940613  0.14388857 -0.01927679]
 [-0.03560064 -0.11175138  0.99309829]]","(1317.333, 6611.333]",Subset
70,70,70,70,../shapes/Bed/D00121.obj,15368,[-0.19096226  0.11417259  0.20733451],[-0.19096313  0.11417274  0.2073346 ],[1. 1. 1.],0.7465266,2.4296461439126964,[-0.912283  0.78579  -0.599669  0.858504 -0.482021  0.463209],[0. 0. 0.],24612,Bed,Triangle,[0.38759629 0.15339093 0.03031534],"[[ 0.97536658  0.20549266 -0.08020478]
 [ 0.21046069 -0.97580213  0.05930003]
 [ 0.06607827  0.07471922  0.99501291]]","(6611.333, 22063.0]",Subset
78,78,78,78,../shapes/Bed/D00538.obj,7136,[-0.00475788  0.1146729   0.10265701],[-0.00475778  0.11467285  0.10265711],[1. 1. 1.],0.9091634,2.1802635842124527,[-0.838246  0.8386   -0.479658  0.702627 -0.325735  0.411787],[0. 0. 0.],13868,Bed,Triangle,[0.59003774 0.04203848 0.19631938],"[[ 0.99558751  0.05642147  0.07498085]
 [ 0.07730096 -0.04012556 -0.99620003]
 [ 0.05319842 -0.9976004   0.04430994]]","(6611.333, 22063.0]",Subset
116,116,116,116,../shapes/Bicycle/m1473.obj,2192,[0.50795718 0.24512848 0.17045993],[0.5079572  0.24512796 0.17045975],[1. 1. 1.],0.29679164,1.126841034438082,[0.025    0.975    0.025    0.557643 0.025    0.314071],[0. 0. 0.],4448,Bicycle,Triangle,[0.08090855 0.0156622  0.00069701],"[[ 9.98809830e-01  4.87735547e-02  2.53783455e-04]
 [ 4.87722037e-02 -9.98802375e-01  3.88423221e-03]
 [-4.42927330e-04  3.86723173e-03  9.99992424e-01]]","(435.999, 3820.0]",Subset
118,118,118,118,../shapes/Bicycle/m1476.obj,436,[0.15897068 0.27499105 0.52022824],[0.15897085 0.2749913  0.5202282 ],[1. 1. 1.],0.2751292,1.131433535390803,[0.025    0.299675 0.025    0.574723 0.025    0.975   ],[0. 0. 0.],916,Bicycle,Triangle,[0.00109771 0.02122927 0.0652218 ],"[[-0.99989768  0.01420753 -0.00166557]
 [ 0.01393671  0.99378498  0.11044081]
 [-0.00322431 -0.1104063   0.99388131]]","(435.999, 3820.0]",Subset
117,117,117,117,../shapes/Bicycle/m1475.obj,6049,[0.4864563  0.21664506 0.1372155 ],[0.486457   0.21664563 0.13721697],[1. 1. 1.],0.20781095,1.088149574083291,[0.025    0.975    0.025    0.513449 0.025    0.232333],[0. 0. 0.],12065,Bicycle,Triangle,[0.04556199 0.01358477 0.0009254 ],"[[ 0.92423417  0.38182153 -0.00187271]
 [ 0.38161575 -0.92355104  0.03772122]
 [-0.01267323  0.0355779   0.99928655]]","(3820.0, 22673.333]",Subset
111,111,111,111,../shapes/Bicycle/D00904.obj,5354,[0.08402949 0.12689448 0.00150127],[0.08402947 0.12689433 0.00150127],[1. 1. 1.],0.59847635,2.310577883510474,[-0.959896  0.953013 -0.599316  0.637406 -0.196088  0.191298],[0. 0. 0.],10548,Bicycle,Triangle,[0.29776572 0.09531344 0.00263736],"[[ 0.99198194  0.12634241  0.00307079]
 [ 0.12632712 -0.99197728  0.00474807]
 [-0.00364604  0.00432208  0.99998401]]","(3820.0, 22673.333]",Subset
103,103,103,103,../shapes/Bicycle/D00555.obj,34364,[0.0209129  0.10363354 0.02713095],[0.02091296 0.10363352 0.02713083],[1. 1. 1.],0.5673976,2.3987592379074147,[-0.953013  0.973589 -0.49476   0.757895 -0.333261  0.354566],[0. 0. 0.],64544,Bicycle,Triangle,[0.26819921 0.0816824  0.00659577],"[[ 0.99967402 -0.02499975  0.00518269]
 [-0.02502097 -0.99967864  0.00406984]
 [-0.00507928  0.00419819  0.99997829]]","(22673.333, 56754.0]",Subset
113,113,113,113,../shapes/Bicycle/D00931.obj,32603,[-0.04375733  0.10297372 -0.06291257],[-0.04375678  0.10297345 -0.06291253],[1. 1. 1.],0.4902495,2.152935815601242,[-0.920573  0.849829 -0.400919  0.684049 -0.432948  0.135958],[0. 0. 0.],64230,Bicycle,Triangle,[0.21226612 0.06341378 0.00665509],"[[ 0.98330698 -0.17433     0.05211944]
 [-0.16051367 -0.96598822 -0.20273658]
 [-0.08568983 -0.19098641  0.97784531]]","(22673.333, 56754.0]",Subset
156,156,156,156,../shapes/Biplane/m1134.obj,338,[0.22293053 0.50007378 0.07600688],[0.22293074 0.5000739  0.0760069 ],[1. 1. 1.],0.22744013,1.091857920095514,[0.025    0.542388 0.025    0.975    0.025    0.1732  ],[0. 0. 0.],512,Biplane,Triangle,[0.02309563 0.00115562 0.04855151],"[[-9.99127983e-01  4.17521109e-02 -1.85995294e-04]
 [-1.86397197e-04 -5.73298898e-06  9.99999983e-01]
 [-4.17521092e-02 -9.99128000e-01 -1.35104662e-05]]","(263.999, 875.667]",Subset
126,126,126,126,../shapes/Biplane/D00276.obj,567,[-0.32785492  0.0759671   0.13116074],[-0.3278549   0.0759671   0.13116068],[1. 1. 1.],0.47682,2.592742851143413,[-1.08018   0.699036 -0.864861  0.766394 -0.468883  0.477538],[0. 0. 0.],916,Biplane,Triangle,[0.0438167  0.11934581 0.13616973],"[[ 1.78816027e-01 -9.08726584e-01 -3.77148278e-01]
 [ 7.49183758e-04  3.83452182e-01 -9.23560427e-01]
 [-9.83882243e-01 -1.64864853e-01 -6.92481988e-02]]","(263.999, 875.667]",Subset
164,164,164,164,../shapes/Biplane/m1144.obj,3627,[0.49783718 0.18999259 0.18287936],[0.4978389  0.18999255 0.18287921],[1. 1. 1.],0.17757598,1.2050497651499243,[0.025    0.975    0.025    0.716901 0.025    0.291304],[0. 0. 0.],6736,Biplane,Triangle,[0.01890751 0.02194818 0.00529078],"[[-0.99870804  0.0496696   0.01073194]
 [ 0.04812493  0.9923028  -0.1141015 ]
 [ 0.01631671  0.11343761  0.99341113]]","(875.667, 6195.333]",Subset
163,163,163,163,../shapes/Biplane/m1143.obj,3336,[0.19520923 0.50003685 0.10471679],[0.19520795 0.5000374  0.10471643],[1. 1. 1.],0.20773096,1.0800622448103971,[0.025    0.504495 0.025    0.975    0.025    0.209713],[0. 0. 0.],6570,Biplane,Triangle,[0.02036339 0.00342241 0.02885719],"[[-9.97539057e-01 -7.01129438e-02 -6.96077892e-05]
 [ 7.61356963e-05 -9.04332587e-05 -9.99999993e-01]
 [-7.01129370e-02  9.97539055e-01 -9.55488054e-05]]","(875.667, 6195.333]",Subset
127,127,127,127,../shapes/Biplane/D00277.obj,22427,[-0.09817587 -0.0434229   0.0094486 ],[-0.09817573 -0.04342294  0.00944867],[1. 1. 1.],0.29127523,2.3765534015547294,[-0.557817  0.804851 -1.05515   0.813411 -0.278621  0.268756],[0. 0. 0.],41567,Biplane,Triangle,[0.07170708 0.01124457 0.04238678],"[[ 0.99973644 -0.0161532   0.01631323]
 [-0.01519528  0.06706694  0.99763276]
 [ 0.01720904  0.99761771 -0.06680381]]","(6195.333, 65722.0]",Subset
128,128,128,128,../shapes/Biplane/D00320.obj,9723,[-0.00136033  0.04457353  0.01824898],[-0.00136032  0.04457381  0.01824898],[1. 1. 1.],0.3610476,2.344751370155478,[-0.990106  0.984606 -0.75142   0.427939 -0.152266  0.303238],[0. 0. 0.],17476,Biplane,Triangle,[0.01051447 0.09234232 0.07408992],"[[-0.01151524  0.99987445 -0.0108849 ]
 [-0.00368847  0.01084307  0.99993441]
 [-0.99992689 -0.01155463 -0.00356315]]","(6195.333, 65722.0]",Subset
195,195,195,195,../shapes/Bird/m37.obj,567,[0.49973974 0.20697216 0.44863551],[0.4997399  0.20697215 0.44863573],[1. 1. 1.],0.2595158,1.2619788261899652,[0.025    0.975    0.025    0.437258 0.025    0.746203],[0. 0. 0.],1130,Bird,Triangle,[0.03681454 0.03501052 0.00888005],"[[-9.99831531e-01 -1.83550844e-02 -1.87279378e-05]
 [-4.23063443e-03  2.31442192e-01 -9.72839459e-01]
 [-1.78608849e-02  9.72675487e-01  2.31480855e-01]]","(40.999, 594.333]",Subset
192,192,192,192,../shapes/Bird/m34.obj,233,[0.49999345 0.1460853  0.29366611],[0.49999332 0.14608529 0.29366615],[1. 1. 1.],0.21122974,1.107276294517774,[0.025    0.975    0.025    0.257154 0.025    0.544293],[0. 0. 0.],462,Bird,Triangle,[0.04000592 0.01263455 0.00487073],"[[-9.99999982e-01  1.87170016e-04 -5.38363562e-06]
 [ 2.19790659e-05  1.45883973e-01  9.89301706e-01]
 [-1.85953002e-04 -9.89301689e-01  1.45883974e-01]]","(40.999, 594.333]",Subset
176,176,176,176,../shapes/Bird/D00546.obj,1162,[-0.23432716  0.04131901  0.03632965],[-0.23432718  0.04131901  0.03632966],[1. 1. 1.],0.23172128,2.1102484977275995,[-1.23614   0.715362 -0.288082  0.408477 -0.248996  0.150496],[0. 0. 0.],2012,Bird,Triangle,[0.04712614 0.00481533 0.02830629],"[[ 0.99778296  0.05959752 -0.02961926]
 [ 0.03938237 -0.16997562  0.98466102]
 [-0.0536488   0.98364446  0.17194587]]","(594.333, 1816.667]",Subset
177,177,177,177,../shapes/Bird/D00599.obj,1792,[-0.23533402 -0.02580644  0.0178324 ],[-0.23533395 -0.02580646  0.01783238],[1. 1. 1.],0.3719224,2.1038339827849364,[-1.20739   0.749861 -0.452237  0.290011 -0.05299   0.157614],[0. 0. 0.],3626,Bird,Triangle,[0.16913345 0.01957043 0.00286789],"[[ 0.99950033 -0.03046154 -0.00843655]
 [-0.03070697 -0.9990576  -0.03067562]
 [ 0.00749417 -0.03091936  0.99949379]]","(594.333, 1816.667]",Subset
199,199,199,199,../shapes/Bird/m41.obj,1824,[0.49964698 0.10632516 0.29056732],[0.4996471  0.10632513 0.29056773],[1. 1. 1.],0.1973374,1.0551977859069277,[0.025    0.975    0.025    0.147249 0.025    0.467716],[0. 0. 0.],3709,Bird,Triangle,[0.04371809 0.00621901 0.00091361],"[[ 9.99999797e-01 -5.91057519e-04  2.39500432e-04]
 [-2.83343280e-04 -7.53281496e-02  9.97158758e-01]
 [ 5.71337057e-04  9.97158624e-01  7.53283018e-02]]","(1816.667, 16542.0]",Subset
206,206,206,206,../shapes/Bird/m49.obj,2329,[0.26667384 0.50072803 0.35471008],[0.2666741  0.50072825 0.35471073],[1. 1. 1.],0.28640616,1.3958346333854517,[0.025    0.975    0.025    0.800992 0.025    0.691101],[0. 0. 0.],4364,Bird,Triangle,[0.07430938 0.02044956 0.01252194],"[[ 0.83674819 -0.54755127 -0.00633023]
 [-0.54750374 -0.83676637  0.00785421]
 [ 0.0095975   0.00310617  0.99994912]]","(1816.667, 16542.0]",Subset
225,225,225,225,../shapes/Bookset/D01182.obj,188,[-0.0228914   0.07404049  0.10737686],[-0.02289139  0.07404052  0.10737689],[1. 1. 1.],0.14245172,0.3808522112956495,[-0.108086  0.072563  0.013947  0.246285  0.        0.24173 ],[0. 0. 0.],1020,Bookset,Triangle,[0.00194003 0.00655794 0.01263627],"[[-0.93401264  0.34207152 -0.10299251]
 [ 0.35303184  0.92793996 -0.11956566]
 [-0.05467086  0.14803547  0.9874698 ]]","(109.999, 271.333]",Subset
212,212,212,212,../shapes/Bookset/D01030.obj,208,[0.24089692 0.16466017 0.11975083],[0.24089697 0.16466019 0.11975086],[1. 1. 1.],0.21714899,0.6267327104831643,[ 0.        0.421721 -0.        0.306934 -0.        0.347472],[0. 0. 0.],1152,Bookset,Triangle,[0.02070273 0.01289963 0.01601856],"[[-0.50155065 -0.82819791 -0.25007032]
 [-0.22194684 -0.15620245  0.96246579]
 [ 0.83617375 -0.53822766  0.10547247]]","(109.999, 271.333]",Subset
210,210,210,210,../shapes/Bookset/D01009.obj,444,[0.21094008 0.03690482 0.15810811],[0.21093999 0.03690479 0.15810798],[1. 1. 1.],0.19122541,0.5629387087592459,[0.   0.42 0.   0.26 0.   0.27],[0. 0. 0.],3156,Bookset,Triangle,[0.00650345 0.01547116 0.01761102],"[[-0.00301239 -0.99995118 -0.00941123]
 [-0.99807512  0.00358944 -0.06191255]
 [-0.06194331 -0.00920661  0.99803721]]","(271.333, 1099.0]",Subset
216,216,216,216,../shapes/Bookset/D01065.obj,360,[3.67882266 0.54069853 0.13212744],[3.678825   0.5406976  0.13212745],[1. 1. 1.],0.21253294,0.6327883668749879,"[ 3.387116e+00  3.888541e+00  4.483350e-01  7.142410e-01 -4.000000e-04
  2.794000e-01]",[0. 0. 0.],918,Bookset,Triangle,[0.01950358 0.01553979 0.01263651],"[[ 0.80951368 -0.58621354  0.03226892]
 [-0.02349791  0.02256841  0.99946912]
 [ 0.58663059  0.80984218 -0.00449464]]","(271.333, 1099.0]",Subset
224,224,224,224,../shapes/Bookset/D01146.obj,2694,[2.38553194 2.11962268 0.17318064],[2.385455   2.1196218  0.17318071],[1. 1. 1.],0.15101987,0.8438228925088705,[2.10781  2.82142  2.01541  2.3333   0.       0.318973],[0. 0. 0.],7149,Bookset,Triangle,[0.01769509 0.00656099 0.00255619],"[[ 0.94717269 -0.29601263  0.12345208]
 [-0.28528166 -0.95347689 -0.0974484 ]
 [-0.14655466 -0.05708185  0.98755425]]","(1099.0, 2694.0]",Subset
217,217,217,217,../shapes/Bookset/D01078.obj,1203,[0.43966593 0.26450639 0.10277464],[0.4396662  0.26450637 0.10277484],[1. 1. 1.],0.11327616,0.3716451372734766,[0.273999 0.580868 0.229734 0.350384 0.       0.17145 ],[0. 0. 0.],6861,Bookset,Triangle,[0.00875255 0.00140884 0.00426925],"[[ 0.99763272 -0.03630941  0.05840018]
 [-0.02799966 -0.99013488 -0.13729143]
 [-0.06280903 -0.13533123  0.98880761]]","(1099.0, 2694.0]",Subset
252,252,252,252,../shapes/Bottle/m484.obj,460,[0.15731457 0.61072017 0.15703033],[0.15731458 0.6107199  0.15703036],[1. 1. 1.],0.3176781,1.020716155133965,[0.025    0.288882 0.025    0.975    0.025    0.28906 ],[0. 0. 0.],888,Bottle,Triangle,[0.11911824 0.00397999 0.00397331],"[[-8.48258145e-04 -9.99999632e-01  1.28764550e-04]
 [-9.99999640e-01  8.48257994e-04 -1.22650345e-06]
 [-1.11727744e-06  1.28765544e-04  9.99999992e-01]]","(132.999, 544.0]",Subset
256,256,256,256,../shapes/Bottle/m488.obj,144,[0.65736447 0.20022365 0.2001068 ],[0.6573645  0.20022362 0.20010678],[1. 1. 1.],0.31286207,1.0713927590360597,[0.025    0.975    0.025    0.375332 0.025    0.375214],[0. 0. 0.],284,Bottle,Triangle,[0.11555975 0.00795901 0.00795902],"[[-9.99999979e-01  2.03682092e-04 -3.86017948e-08]
 [-2.03682092e-04 -9.99999979e-01  1.10882501e-07]
 [ 3.85792092e-08 -1.10890361e-07 -1.00000000e+00]]","(132.999, 544.0]",Subset
237,237,237,237,../shapes/Bottle/D00311.obj,829,[ 0.35877042  0.03834135 -0.02450421],[ 0.35877046  0.03834132 -0.0245042 ],[1. 1. 1.],0.53728634,1.964460658272603,[-0.831219  0.878387 -0.338461  0.349036 -0.336791  0.344165],[0. 0. 0.],1448,Bottle,Triangle,[0.32960716 0.02197258 0.02611987],"[[-0.99882352 -0.03970213 -0.02784456]
 [-0.04843617  0.84460475  0.53319485]
 [-0.00234867 -0.53391624  0.84553411]]","(544.0, 2000.0]",Subset
231,231,231,231,../shapes/Bottle/D00123.obj,1067,[-0.13508106 -0.04773411 -0.00466116],[-0.1350811  -0.04773416 -0.00466117],[1. 1. 1.],0.57256156,1.6569628283874207,[-0.785998  0.781472 -0.272641  0.122641 -0.188644  0.175108],[0. 0. 0.],2044,Bottle,Triangle,[0.38479325 0.00716561 0.00715668],"[[ 0.99882497 -0.04643219 -0.01388244]
 [-0.04837648 -0.93814141 -0.34285626]
 [-0.00289588 -0.34312498  0.93928529]]","(544.0, 2000.0]",Subset
247,247,247,247,../shapes/Bottle/D00892.obj,2474,[0.09611912 0.048574   0.00052678],[0.09611932 0.04857399 0.00052678],[1. 1. 1.],0.59546894,1.7984950174935217,[-0.674448  1.01623  -0.151915  0.287525 -0.214476  0.213408],[0. 0. 0.],4940,Bottle,Triangle,[0.37419562 0.01249639 0.01251947],"[[ 0.99922614  0.0368251  -0.0138215 ]
 [-0.03929802  0.9197435  -0.39054777]
 [ 0.00166972 -0.3907887  -0.9204789 ]]","(2000.0, 23142.0]",Subset
232,232,232,232,../shapes/Bottle/D00139.obj,2452,[-0.13796649 -0.01329888  0.00955225],[-0.1379665  -0.01329888  0.00955226],[1. 1. 1.],0.60886383,1.7416190904107414,[-0.918061  0.728216 -0.211906  0.193114 -0.194712  0.203996],[0. 0. 0.],4860,Bottle,Triangle,[0.4085024  0.00679118 0.00683207],"[[ 0.99985502 -0.0147321  -0.00853794]
 [ 0.01353855  0.99192624 -0.12609142]
 [-0.0103266  -0.12595755 -0.99198188]]","(2000.0, 23142.0]",Subset
284,284,284,284,../shapes/BuildingNonResidential/m407.obj,229,[0.41166101 0.55488054 0.38955454],[0.41166085 0.55488044 0.3895545 ],[1. 1. 1.],0.3436671,1.4270832397548174,[0.025    0.799381 0.025    0.975    0.025    0.756027],[0. 0. 0.],404,BuildingNonResidential,Triangle,[0.01746208 0.0749991  0.04503376],"[[ 9.99999741e-01  6.97681984e-04 -1.76309554e-04]
 [ 6.97660050e-04 -9.99999749e-01 -1.24438838e-04]
 [ 1.76396329e-04 -1.24315802e-04  9.99999977e-01]]","(32.999, 564.667]",Subset
274,274,274,274,../shapes/BuildingNonResidential/m396.obj,445,[0.4484767  0.21878975 0.44669098],[0.44847658 0.21879038 0.4466909 ],[1. 1. 1.],0.37662846,1.5487534999741548,[0.025    0.949627 0.025    0.975    0.025    0.825751],[0. 0. 0.],470,BuildingNonResidential,Triangle,[0.06383165 0.05023776 0.04080841],"[[ 0.49961531  0.83932552  0.21428301]
 [ 0.00217567  0.24615268 -0.96922862]
 [ 0.86624466 -0.48470766 -0.12115555]]","(32.999, 564.667]",Subset
299,299,299,299,../shapes/BuildingNonResidential/m474.obj,1361,[0.49642377 0.17381726 0.50055604],[0.4964237  0.17381774 0.5005552 ],[1. 1. 1.],0.65313894,1.561791528937169,[0.025    0.968491 0.025    0.829063 0.025    0.975   ],[0. 0. 0.],2670,BuildingNonResidential,Triangle,[0.19954472 0.20243226 0.02568779],"[[-9.98701190e-01 -5.09482974e-02  4.51698106e-04]
 [ 5.01096117e-04 -9.56802263e-04  9.99999417e-01]
 [ 5.09478355e-02 -9.98700834e-01 -9.81089552e-04]]","(564.667, 1692.0]",Subset
287,287,287,287,../shapes/BuildingNonResidential/m410.obj,1217,[0.51822321 0.1471755  0.44370751],[0.51822287 0.14717574 0.4437073 ],[1. 1. 1.],0.27675116,1.3871194539284373,[0.025    0.975    0.025    0.441981 0.025    0.945721],[0. 0. 0.],2076,BuildingNonResidential,Triangle,[0.04311739 0.04199324 0.0106541 ],"[[ 0.97896686 -0.20400405  0.00249597]
 [-0.00737529 -0.02316096  0.99970454]
 [ 0.20388596  0.97869603  0.0241784 ]]","(564.667, 1692.0]",Subset
277,277,277,277,../shapes/BuildingNonResidential/m399.obj,7530,[0.50001177 0.30825599 0.49896448],[0.5000116  0.30825847 0.49895936],[1. 1. 1.],0.34397826,1.4621182142133606,[0.025    0.975    0.025    0.607391 0.025    0.971631],[0. 0. 0.],13536,BuildingNonResidential,Triangle,[0.06357918 0.01391052 0.06395093],"[[-1.00000000e+00 -8.41664031e-06 -9.47039516e-08]
 [-8.41621904e-06  9.99992761e-01 -3.80494804e-03]
 [-1.26728145e-07  3.80494804e-03  9.99992761e-01]]","(1692.0, 21288.0]",Subset
262,262,262,262,../shapes/BuildingNonResidential/m383.obj,2328,[0.30635116 0.52953385 0.30788285],[0.30635104 0.52953035 0.30788225],[1. 1. 1.],0.28509602,1.2608035978559249,[0.025    0.63328  0.025    0.975    0.025    0.588135],[0. 0. 0.],4460,BuildingNonResidential,Triangle,[0.03952645 0.02680642 0.02590966],"[[ 0.01487791 -0.99605643 -0.08746566]
 [-0.99790511 -0.00928335 -0.06402509]
 [-0.06296063 -0.08823499  0.99410791]]","(1692.0, 21288.0]",Subset
308,308,308,308,../shapes/Bus/D00179.obj,5976,[1.93127306 7.37053411 1.75586512],[1.9312985 7.3705387 1.7558775],[1. 1. 1.],3.8374467,15.060780209727078,[ 0.171614  3.75681   0.44237  14.485     0.        4.0961  ],[0. 0. 0.],42567,Bus,Triangle,[16.02864212  1.26029542  0.55545713],"[[ 0.00552021  0.99993813 -0.00965748]
 [ 0.99977316 -0.00532012  0.02062346]
 [-0.0205708   0.00976914  0.99974067]]","(3154.999, 6016.333]",Subset
313,313,313,313,../shapes/Bus/D00446.obj,4915,[ 0.78011768 -1.30623027  1.66840158],[ 0.780118  -1.3062289  1.6683971],[1. 1. 1.],3.881916,16.02770958033628,[-7.22028   7.78     -2.76502   0.26406  -0.494284  4.27056 ],[0. 0. 0.],28227,Bus,Triangle,[15.91609285  1.31842693  0.79274483],"[[ 0.9992968   0.03626517  0.00952562]
 [ 0.00563364  0.10594678 -0.99435584]
 [ 0.0370697  -0.99371028 -0.10566798]]","(3154.999, 6016.333]",Subset
306,306,306,306,../shapes/Bus/D00114.obj,7643,[3.23619981 1.12697567 1.6931597 ],[3.2361984 1.1269819 1.6931567],[1. 1. 1.],2.6357038,8.199614830728764,"[-2.40609e-05  6.85437e+00  2.99705e-02  2.27924e+00  0.00000e+00
  3.89766e+00]",[0. 0. 0.],53259,Bus,Triangle,[5.49673072 1.35805796 0.64718694],"[[ 0.9982266  -0.05809443  0.01298851]
 [-0.01311783 -0.00184515  0.99991226]
 [ 0.05806536  0.99830939  0.00260395]]","(6016.333, 8930.667]",Subset
318,318,318,318,../shapes/Bus/D00754.obj,8866,[1.39147984 8.3029707  1.1034974 ],[1.3914677 8.302942  1.1034939],[1. 1. 1.],4.343064,15.008140463994405,[ 0.       2.80429  0.      14.1246   0.       4.22799],[0. 0. 0.],59982,Bus,Triangle,[20.8720059   0.84900533  0.75181808],"[[ 0.00450925 -0.9993444   0.03592264]
 [-0.9995006  -0.00338058  0.03141856]
 [ 0.03127652  0.03604637  0.99886057]]","(6016.333, 8930.667]",Subset
310,310,310,310,../shapes/Bus/D00264.obj,11096,[ 1.08981921 -9.16665287  0.72347622],[ 1.0898318 -9.166716   0.7234776],[1. 1. 1.],4.678736,13.354199454260025,[ -0.641156   2.90488  -14.5646    -2.19661   -0.363642   3.2131  ],[0. 0. 0.],67185,Bus,Triangle,[20.62681929  1.5197883   0.57188745],"[[ 0.00472609  0.99976983  0.02092742]
 [ 0.99956226 -0.00411184 -0.02929807]
 [ 0.02920527 -0.02105673  0.99935162]]","(8930.667, 13436.0]",Subset
305,305,305,305,../shapes/Bus/D00084.obj,12919,[1.5361942  1.709475   1.85667397],[1.5361906 1.7094766 1.8566716],[1. 1. 1.],9.276061,26.55747075275203,[ -1.27166    4.24847  -10.3559    14.7305    -0.038539   6.70683 ],[0. 0. 0.],75870,Bus,Triangle,[85.45643305  3.82734508  2.00349502],"[[ 0.0078187   0.99916887  0.04000535]
 [ 0.99993268 -0.00746913 -0.00888015]
 [ 0.00857396 -0.04007209  0.99916   ]]","(8930.667, 13436.0]",Subset
381,381,381,381,../shapes/Car/m1526.obj,320,[0.22743206 0.12690331 0.54318069],[0.22743222 0.12690328 0.5431808 ],[1. 1. 1.],0.3626697,1.065432144740763,[0.025    0.43005  0.025    0.286878 0.025    0.975   ],[0. 0. 0.],560,Car,Triangle,[0.02518607 0.00377492 0.11034268],"[[-9.99999755e-01 -7.00001171e-04 -2.76152445e-06]
 [-6.99990250e-04  9.99941615e-01  1.07831895e-02]
 [ 4.78688206e-06 -1.07831888e-02  9.99941860e-01]]","(131.999, 4954.667]",Subset
399,399,399,399,../shapes/Car/m1547.obj,249,[0.51425012 0.15377958 0.29705343],[0.51425004 0.15377963 0.29705378],[1. 1. 1.],0.360073,1.1220857115100136,[0.025    0.975    0.025    0.266356 0.025    0.57119 ],[0. 0. 0.],440,Car,Triangle,[0.0992711  0.00411722 0.03650731],"[[ 0.9987202   0.04969137  0.00941958]
 [ 0.04967907 -0.99876405  0.00153495]
 [-0.00948422  0.00106502  0.99995446]]","(131.999, 4954.667]",Subset
363,363,363,363,../shapes/Car/m1507.obj,6514,[0.23201298 0.09199752 0.45402127],[0.23201275 0.0919971  0.45402014],[1. 1. 1.],0.3274323,1.052724104897706,[0.025    0.437739 0.025    0.213081 0.025    0.975   ],[0. 0. 0.],12769,Car,Triangle,[0.01935915 0.00113454 0.09585401],"[[-9.99999499e-01 -9.98328461e-04  7.88589501e-05]
 [-9.99548551e-04  9.99848369e-01 -1.73850566e-02]
 [ 6.14909958e-05  1.73851267e-02  9.99848865e-01]]","(4954.667, 10153.0]",Subset
347,347,347,347,../shapes/Car/m1487.obj,7454,[0.25171787 0.16346236 0.5545275 ],[0.25171918 0.16346169 0.554523  ],[1. 1. 1.],0.39500263,1.1172622760357545,[0.025    0.479235 0.025    0.398424 0.025    0.975   ],[0. 0. 0.],15436,Car,Triangle,[0.03720045 0.114754   0.00746756],"[[-0.99999478 -0.00282192  0.00157607]
 [ 0.00155201  0.00850785  0.9999626 ]
 [ 0.00283523 -0.99995983  0.00850343]]","(4954.667, 10153.0]",Subset
329,329,329,329,../shapes/Car/D00299.obj,23527,[-0.00047316  0.09904114  0.08709497],[-0.00047297  0.09904075  0.08709487],[1. 1. 1.],0.61749446,2.170968590968942,[-0.853657  0.775096 -0.457605  0.648322 -0.401928  0.513055],[0. 0. 0.],45452,Car,Triangle,[0.23120798 0.14694522 0.03573993],"[[ 0.99030672  0.13647111 -0.02585036]
 [ 0.13873276 -0.98091908  0.13620198]
 [ 0.00676948  0.13846803  0.99034377]]","(10153.0, 62279.0]",Subset
406,406,406,406,../shapes/Car/m1556.obj,35131,[0.4933944  0.16442819 0.19523484],[0.49339375 0.1644275  0.19523326],[1. 1. 1.],0.28011957,1.0553780345538442,[0.025    0.975    0.025    0.333696 0.025    0.365631],[0. 0. 0.],119540,Car,Triangle,[0.07788434 0.00362597 0.01046178],"[[ 0.99899808 -0.04432029 -0.00620906]
 [-0.04448209 -0.99859095 -0.02893893]
 [ 0.00491773 -0.02918613  0.9995619 ]]","(10153.0, 62279.0]",Subset
431,431,431,431,../shapes/Cellphone/D00902.obj,2408,[-0.03101866 -0.04095344 -0.01922817],[-0.03101867 -0.04095344 -0.01922816],[1. 1. 1.],0.75379044,2.151450448139688,[-0.907351  0.967494 -0.522068  0.439696 -0.274709  0.159693],[0. 0. 0.],4580,Cellphone,Triangle,[0.46766349 0.02167404 0.10749229],"[[ 0.99923171 -0.03752589 -0.01130486]
 [-0.01315282 -0.04936909 -0.998694  ]
 [-0.03691877 -0.9980754   0.04982474]]","(762.999, 3246.667]",Subset
423,423,423,423,../shapes/Cellphone/D00369.obj,926,[0.07142234 0.0330799  0.02250475],[0.07142239 0.0330799  0.02250475],[1. 1. 1.],0.5716602,1.769793776393278,[-0.634126  1.03005  -0.201378  0.297345 -0.128572  0.209013],[0. 0. 0.],1735,Cellphone,Triangle,[0.31088124 0.03290687 0.00641114],"[[ 0.99710926 -0.07293203  0.02130851]
 [-0.07384114 -0.99622907  0.04555356]
 [-0.01790585  0.04699532  0.99873461]]","(762.999, 3246.667]",Subset
421,421,421,421,../shapes/Cellphone/D00327.obj,6318,[ 0.0595615   0.02904322 -0.02988435],[ 0.05956156  0.02904322 -0.0298843 ],[1. 1. 1.],0.536471,2.150630115592555,[-1.13499   0.806077 -0.385219  0.433581 -0.166778  0.265698],[0. 0. 0.],11987,Cellphone,Triangle,[0.30747385 0.05277571 0.00753702],"[[ 0.99981217  0.01862751 -0.00535177]
 [ 0.01800635 -0.99492202 -0.09902501]
 [ 0.00716918 -0.09891005  0.99507055]]","(3246.667, 9428.667]",Subset
433,433,433,433,../shapes/Cellphone/D00997.obj,4796,[ 0.00994649  0.03757782 -0.02764807],[ 0.00994654  0.0375778  -0.02764812],[1. 1. 1.],0.5854058,1.8206880284770168,[-0.702487  0.984907 -0.252936  0.347464 -0.190872  0.13643 ],[0. 0. 0.],8564,Cellphone,Triangle,[0.30835428 0.00957028 0.040645  ],"[[ 0.99905418  0.04285693 -0.00735027]
 [ 0.0059323   0.03311978  0.99943378]
 [-0.0430761   0.9985321  -0.03283422]]","(3246.667, 9428.667]",Subset
416,416,416,416,../shapes/Cellphone/D00079.obj,20212,[-0.09670313 -0.01713708  0.0207439 ],[-0.09670306 -0.01713708  0.02074393],[1. 1. 1.],0.5440123,2.150529483624628,[-0.936548  1.0206   -0.405795  0.370964 -0.334059  0.10297 ],[0. 0. 0.],36972,Cellphone,Triangle,[0.31759127 0.00365416 0.04432104],"[[ 0.99994731 -0.00952003 -0.00383958]
 [-0.00380947  0.00317895 -0.99998769]
 [-0.00953212 -0.99994963 -0.00314252]]","(9428.667, 44041.0]",Subset
427,427,427,427,../shapes/Cellphone/D00554.obj,14822,[-0.0779325   0.08110921  0.01244626],[-0.07793258  0.08110948  0.0124463 ],[1. 1. 1.],0.66854274,2.161459995389952,[-0.939823  0.967266 -0.383001  0.562863 -0.217155  0.157361],[0. 0. 0.],14376,Cellphone,Triangle,[0.42076769 0.07964612 0.01297933],"[[ 0.9973968   0.06660631  0.02762632]
 [ 0.06854555 -0.99471167 -0.07648667]
 [-0.02238573 -0.07818122  0.9966878 ]]","(9428.667, 44041.0]",Subset
441,441,441,441,../shapes/Chess/D01080.obj,250,[0.23707836 0.40848288 0.23707836],[0.2370783  0.4084829  0.23707855],[1. 1. 1.],0.2868607,1.123529439349669,[0.025    0.449157 0.025    0.975    0.025    0.449157],[0. 0. 0.],496,Chess,Triangle,[0.08462315 0.00759772 0.00759772],"[[ 6.26400988e-09  7.06879157e-01  7.07334332e-01]
 [ 1.00000000e+00  2.85117690e-12 -8.85864682e-09]
 [ 6.26400953e-09 -7.07334332e-01  7.06879157e-01]]","(88.999, 389.0]",Subset
469,469,469,469,../shapes/Chess/m1608.obj,242,[0.42500001 0.4990359  0.42500001],[0.42500022 0.49903598 0.42499983],[1. 1. 1.],0.36144388,1.4773287138433462,[0.025 0.825 0.025 0.975 0.025 0.825],[0. 0. 0.],480,Chess,Triangle,[0.10390236 0.02458508 0.02458508],"[[-4.49699793e-08  7.14084910e-01 -7.00059098e-01]
 [ 1.00000000e+00  6.35940269e-08  6.30740443e-10]
 [-4.49699793e-08  7.00059098e-01  7.14084910e-01]]","(88.999, 389.0]",Subset
472,472,472,472,../shapes/Chess/m1611.obj,1474,[0.47358815 0.26852722 0.26852721],[0.47358954 0.26852718 0.26852748],[1. 1. 1.],0.31761584,1.1734330767815515,[0.025    0.975    0.025    0.512055 0.025    0.512055],[0. 0. 0.],2944,Chess,Triangle,[0.09553706 0.01217025 0.01217026],"[[-1.00000000e+00 -6.53108131e-08  1.98412040e-08]
 [ 4.44468231e-08 -4.02432604e-01  9.15449616e-01]
 [ 5.18040114e-08 -9.15449616e-01 -4.02432604e-01]]","(389.0, 1474.0]",Subset
473,473,473,473,../shapes/Chess/m1612.obj,1282,[0.22457518 0.54574254 0.22457617],[0.22457515 0.54574245 0.22457631],[1. 1. 1.],0.28837538,1.105053805552798,[0.025    0.42415  0.025    0.975    0.025    0.424153],[0. 0. 0.],2600,Chess,Triangle,[0.09038829 0.00635704 0.00635705],"[[-1.64173930e-07  1.00000000e+00  1.00608073e-07]
 [ 1.00000000e+00  1.64173924e-07  5.97933064e-08]
 [-5.97932899e-08 -1.00608083e-07  1.00000000e+00]]","(389.0, 1474.0]",Subset
456,456,456,456,../shapes/Chess/m1593.obj,25650,[0.49703439 0.13801837 0.4999983 ],[0.49703532 0.13801683 0.49999923],[1. 1. 1.],0.3696273,1.3651516152078964,[0.025    0.975    0.025    0.267182 0.025    0.974993],[0. 0. 0.],50984,Chess,Triangle,[0.04766227 0.00215043 0.0919308 ],"[[-9.99999784e-01  6.57342976e-04  3.10466372e-06]
 [ 6.57342987e-04  9.99999784e-01  3.25271099e-06]
 [ 3.10252490e-06 -3.25475112e-06  1.00000000e+00]]","(1474.0, 60671.0]",Subset
458,458,458,458,../shapes/Chess/m1596.obj,16803,[0.26226153 0.08454987 0.59524708],[0.26225755 0.08455073 0.5952501 ],[1. 1. 1.],0.25961542,1.0972668185693346,[0.025    0.559374 0.025    0.151249 0.025    0.975   ],[0. 0. 0.],32997,Chess,Triangle,[0.05823131 0.0170464  0.00063868],"[[ 0.08350822 -0.99649101 -0.00566003]
 [ 0.00284968  0.00591865 -0.99997842]
 [-0.99650301 -0.08349029 -0.00333394]]","(1474.0, 60671.0]",Subset
478,478,478,478,../shapes/City/D01010.obj,1049,[0.31482448 0.10764971 0.60339227],[0.3148243  0.10765053 0.6033921 ],[1. 1. 1.],0.27232727,1.2390542262895916,[0.025    0.753517 0.025    0.344403 0.025    0.975   ],[0. 0. 0.],1948,City,Triangle,[0.06067437 0.01837014 0.00855449],"[[-0.17325716  0.94500114 -0.27740727]
 [ 0.21044312 -0.23964013 -0.94777967]
 [ 0.96213079  0.22258806  0.15734962]]","(1048.999, 2318.667]",Subset
496,496,496,496,../shapes/City/m1652.obj,2274,[0.39373396 0.07405873 0.6716837 ],[0.39373362 0.074058   0.6716824 ],[1. 1. 1.],0.29884017,1.272450685898552,[0.025    0.856228 0.025    0.185283 0.025    0.975   ],[0. 0. 0.],2938,City,Triangle,[0.09276108 0.01188251 0.00097096],"[[ 0.57911017  0.81149899 -0.07810762]
 [ 0.01375458  0.08606905  0.99619422]
 [-0.81513325  0.57798055 -0.03868164]]","(1048.999, 2318.667]",Subset
497,497,497,497,../shapes/City/m1654.obj,5538,[0.47029994 0.05511318 0.41611803],[0.47030067 0.05511277 0.41611886],[1. 1. 1.],0.27859446,1.354864921424468,[0.025    0.975    0.025    0.210119 0.025    0.973098],[0. 0. 0.],9290,City,Triangle,[0.07058199 0.0137393  0.00081648],"[[ 0.62651965  0.77662006  0.06583618]
 [ 0.04832148  0.04560318 -0.99779025]
 [ 0.77790627 -0.6283165   0.00895614]]","(2318.667, 6045.667]",Subset
492,492,492,492,../shapes/City/D01173.obj,2341,[0.44127332 0.02988025 0.52792904],[0.44127345 0.02988035 0.5279297 ],[1. 1. 1.],0.22087368,1.3091881314345934,[0.025    0.975    0.025    0.063385 0.025    0.925   ],[0. 0. 0.],4217,City,Triangle,[5.15939449e-02 9.12609188e-03 8.78366811e-05],"[[ 7.95537924e-01  6.05897414e-01 -2.78130840e-03]
 [-3.43852531e-04  5.04181160e-03  9.99987231e-01]
 [-6.05903700e-01  7.95526809e-01 -4.21929169e-03]]","(2318.667, 6045.667]",Subset
482,482,482,482,../shapes/City/D01066.obj,9894,[0.56680536 0.0374191  0.56657403],[0.56680423 0.03741939 0.5665743 ],[1. 1. 1.],0.096540965,1.2554509805999876,[0.025     0.975     0.025     0.0934959 0.025     0.842903 ],[0. 0. 0.],17091,City,Triangle,[1.08764100e-02 6.02974323e-03 5.31375185e-05],"[[ 0.8648771  -0.50178667 -0.01406203]
