Unnamed: 0.2,Unnamed: 0.1,Unnamed: 0,Path,Vertices,CenterOfMass,Means,Scaling,AverageSize,DiagonalSize,Bounds,Position,Cells,Class,Type,Eigenvalue,Eigenvectors,Vertices_bin,Source
0,0,0,../shapes\AircraftBuoyant\m1337.obj,201,[0.45806434 0.51589742 0.45660967],[0.45806432 0.5158974  0.45660958],[1. 1. 1.],0.4403466,1.547999033808513,[0.025    0.889234 0.025    0.975    0.025    0.889234],[0. 0. 0.],340,AircraftBuoyant,Triangle,[0.10504596 0.04645249 0.04645206],"[[ 1.37933137e-03 -8.60535996e-01  5.09387767e-01]
 [-9.99998671e-01 -1.62949098e-03 -4.49679127e-05]
 [-8.68739279e-04  5.09387028e-01  8.60537100e-01]]","(15.999, 764.333]",Subset
12,12,12,../shapes\AircraftBuoyant\m1349.obj,432,[0.48583104 0.13479902 0.14961127],[0.4858333  0.13479899 0.1496112 ],[1. 1. 1.],0.22064294,1.0459790209033155,[0.025    0.975    0.025    0.385203 0.025    0.273648],[0. 0. 0.],640,AircraftBuoyant,Triangle,[0.05090461 0.0106754  0.00553908],"[[-9.98584858e-01  5.31815891e-02 -1.52747296e-05]
 [ 5.31815625e-02  9.98584574e-01  7.54558793e-04]
 [-5.53817450e-05 -7.52678651e-04  9.99999715e-01]]","(15.999, 764.333]",Subset
7,7,7,../shapes\AircraftBuoyant\m1344.obj,1093,[0.35005955 0.29013131 0.34940063],[0.35006022 0.29013172 0.34940135],[1. 1. 1.],0.31204855,1.3210452252474445,[0.025    0.674099 0.025    0.975    0.025    0.6741  ],[0. 0. 0.],1930,AircraftBuoyant,Triangle,[0.10835615 0.01093409 0.0108532 ],"[[ 1.01636442e-03 -9.99970329e-01  7.63602075e-03]
 [-9.99999434e-01 -1.01874947e-03 -3.08459073e-04]
 [-3.16229113e-04  7.63570291e-03  9.99970798e-01]]","(764.333, 4278.667]",Subset
15,15,15,../shapes\AircraftBuoyant\m1352.obj,3298,[0.46863493 0.18617714 0.17864334],[0.46863344 0.18617718 0.17864327],[1. 1. 1.],0.27261302,1.0586703243479876,[0.025    0.975    0.025    0.376642 0.025    0.332621],[0. 0. 0.],6348,AircraftBuoyant,Triangle,[0.07047498 0.01012987 0.00495225],"[[ 0.99999658 -0.0023833  -0.00107235]
 [-0.00238531 -0.99999539 -0.0018792 ]
 [ 0.00106786 -0.00188176  0.99999766]]","(764.333, 4278.667]",Subset
1,1,1,../shapes\AircraftBuoyant\m1338.obj,8761,[0.47991081 0.54983541 0.48093688],[0.4799102  0.5498328  0.48093763],[1. 1. 1.],0.43517974,1.600143063539791,[0.025    0.933058 0.025    0.975    0.025    0.937901],[0. 0. 0.],16960,AircraftBuoyant,Triangle,[0.09733962 0.04685405 0.04683994],"[[ 1.08941545e-03 -9.99859181e-01  1.67460613e-02]
 [-9.99999204e-01 -1.09992458e-03 -6.18360358e-04]
 [-6.36692685e-04  1.67453743e-02  9.99859584e-01]]","(4278.667, 98256.0]",Subset
14,14,14,../shapes\AircraftBuoyant\m1351.obj,12987,[0.11664972 0.08584329 0.32030777],[0.1166516  0.08584314 0.32030678],[1. 1. 1.],0.17848662,0.986827907504765,[0.025    0.2083   0.025    0.219243 0.025    0.975   ],[0. 0. 0.],24466,AircraftBuoyant,Triangle,[0.00428565 0.03588715 0.00167125],"[[ 1.00000000e+00 -2.52172401e-06 -2.72614553e-06]
 [ 2.55111923e-06 -6.69796964e-02  9.97754339e-01]
 [ 2.69865747e-06  9.97754339e-01  6.69796964e-02]]","(4278.667, 98256.0]",Subset
35,35,35,../shapes\Apartment\D00953.obj,4158,[-0.19526575  0.01745154 -0.02631714],[-0.19526571  0.01745165 -0.02631717],[1. 1. 1.],0.4534348,2.5501978450511404,[-0.949201  0.665321 -0.826799  0.896079 -0.444887  0.51871 ],[0. 0. 0.],7140,Apartment,Triangle,[0.03380305 0.105283   0.08755189],"[[-0.24319934  0.9465329  -0.21196593]
 [-0.07441019  0.19967721  0.97703231]
 [-0.96711799 -0.25338604 -0.02187032]]","(764.333, 4278.667]",Subset
22,22,22,../shapes\Apartment\D00366.obj,1294,[-0.02215598 -0.07962717  0.02382457],[-0.02215597 -0.07962724  0.02382454],[1. 1. 1.],0.6026213,2.4926392104207347,[-0.895467  0.745644 -0.856715  0.59104  -0.663917  0.529402],[0. 0. 0.],2540,Apartment,Triangle,[0.20970553 0.1047377  0.08072606],"[[ 0.99661581  0.07339569  0.03701341]
 [ 0.08181126 -0.92941841 -0.35984487]
 [-0.00798988 -0.3616552   0.93227768]]","(764.333, 4278.667]",Subset
26,26,26,../shapes\Apartment\D00639.obj,4849,[ 0.1916355  -0.02615515 -0.12254833],[ 0.19163585 -0.0261552  -0.12254826],[1. 1. 1.],0.554428,2.2844846659615103,[-0.542818  1.14108  -0.544259  0.500059 -0.687879  0.449116],[0. 0. 0.],7980,Apartment,Triangle,[0.19643149 0.05736936 0.08108464],"[[ 0.98329075  0.18155036  0.01337046]
 [ 0.03728557 -0.12896214 -0.99094831]
 [ 0.17818274 -0.97488883  0.13357649]]","(4278.667, 98256.0]",Subset
25,25,25,../shapes\Apartment\D00626.obj,73184,[-0.0440093  -0.0454781   0.05155436],[-0.04400857 -0.04547675  0.05155439],[1. 1. 1.],0.55452734,2.2084970206949013,[-0.885934  0.906987 -0.597769  0.33114  -0.512373  0.382066],[0. 0. 0.],64688,Apartment,Triangle,[0.25056353 0.06264458 0.0446895 ],"[[ 9.99660294e-01 -2.60456589e-02  9.59735332e-04]
 [-2.55284030e-02 -9.85901061e-01 -1.65370488e-01]
 [-5.25338741e-03 -1.65289810e-01  9.86231048e-01]]","(4278.667, 98256.0]",Subset
54,54,54,../shapes\AquaticAnimal\m68.obj,553,[0.52110382 0.13168083 0.10688983],[0.52110416 0.13168083 0.10688981],[1. 1. 1.],0.19688174,0.9965718611260926,[0.025    0.975    0.025    0.278519 0.025    0.18743 ],[0. 0. 0.],1098,AquaticAnimal,Triangle,[0.04762117 0.00347412 0.00129308],"[[ 0.9997534  -0.02195358  0.00334242]
 [-0.02192962 -0.99973471 -0.00704315]
 [-0.00349616 -0.00696812  0.99996961]]","(15.999, 764.333]",Subset
64,64,64,../shapes\AquaticAnimal\m78.obj,468,[0.34534002 0.24435991 0.26694712],[0.34534004 0.24436    0.26694703],[1. 1. 1.],0.27297089,1.143142482787102,[0.025    0.975    0.025    0.51665  0.025    0.428181],[0. 0. 0.],734,AquaticAnimal,Triangle,[0.08649475 0.003446   0.00276548],"[[-0.98575399 -0.16155318  0.04679359]
 [-0.06926358  0.64344237  0.76235456]
 [ 0.15326978 -0.74825296  0.64546563]]","(15.999, 764.333]",Subset
52,52,52,../shapes\AquaticAnimal\m66.obj,4117,[0.24203397 0.30311843 0.5967383 ],[0.24203368 0.3031183  0.5967377 ],[1. 1. 1.],0.28739694,1.1629937426420656,[0.025    0.445705 0.025    0.547553 0.025    0.975   ],[0. 0. 0.],8196,AquaticAnimal,Triangle,[0.07709994 0.0065652  0.00514867],"[[ 0.03901673  0.99381542 -0.10396448]
 [ 0.21249645  0.09341167  0.97268675]
 [-0.97638259  0.06004314  0.20753763]]","(764.333, 4278.667]",Subset
67,67,67,../shapes\AquaticAnimal\m81.obj,857,[0.21681205 0.10910881 0.54467882],[0.2168117  0.10910881 0.54467916],[1. 1. 1.],0.24885288,1.0606443022357974,[0.025  0.4145 0.025  0.291  0.025  0.975 ],[0. 0. 0.],1673,AquaticAnimal,Triangle,[0.07368098 0.00180578 0.00230432],"[[ 8.28428390e-04  9.99137379e-01  4.15188081e-02]
 [ 8.46584919e-02 -4.14398438e-02  9.95547929e-01]
 [-9.96409682e-01 -2.69017951e-03  8.46197936e-02]]","(764.333, 4278.667]",Subset
43,43,43,../shapes\AquaticAnimal\m57.obj,18878,[0.08475104 0.18853803 0.66922081],[0.08475105 0.1885381  0.6692231 ],[1. 1. 1.],0.21900342,1.024436912751166,[0.025    0.143963 0.025    0.389443 0.025    0.975   ],[0. 0. 0.],36278,AquaticAnimal,Triangle,[0.00068347 0.05013035 0.00591201],"[[-9.99998930e-01 -1.84669253e-04  1.45138428e-03]
 [-1.43903064e-03 -5.49999464e-02 -9.98485320e-01]
 [-2.64215596e-04  9.98486340e-01 -5.49996218e-02]]","(4278.667, 98256.0]",Subset
42,42,42,../shapes\AquaticAnimal\m56.obj,5814,[0.09715948 0.17070122 0.7132265 ],[0.09715948 0.17070135 0.7132264 ],[1. 1. 1.],0.21155004,1.02004744157573,[0.025    0.168956 0.025    0.367452 0.025    0.975   ],[0. 0. 0.],10893,AquaticAnimal,Triangle,[0.00092353 0.00337462 0.05384921],"[[-9.99963163e-01 -8.58243684e-03  1.19653743e-04]
 [-8.57948875e-03  9.99839207e-01  1.57465206e-02]
 [ 2.54778023e-04 -1.57449140e-02  9.99876009e-01]]","(4278.667, 98256.0]",Subset
83,83,83,../shapes\Bed\D00735.obj,453,[-0.13221454  0.1241256   0.04714398],[-0.13221453  0.12412558  0.04714396],[1. 1. 1.],0.48421863,2.3951179128341904,[-0.644923  1.11344  -0.684425  0.73777  -0.312594  0.476146],[0. 0. 0.],684,Bed,Triangle,[0.22168637 0.11605561 0.01230235],"[[ 0.97562333 -0.21766995 -0.02790903]
 [-0.21428134 -0.97234515  0.09288932]
 [ 0.04735643  0.08464461  0.99528522]]","(15.999, 764.333]",Subset
79,79,79,../shapes\Bed\D00545.obj,415,[-0.00745234  0.1494848   0.02958728],[-0.00745237  0.14948475  0.02958726],[1. 1. 1.],0.8176448,2.232170978923369,[-0.832734  0.876784 -0.47967   0.747412 -0.39825   0.346334],[0. 0. 0.],838,Bed,Triangle,[0.43633328 0.02791612 0.22098208],"[[ 0.99846683  0.05427608  0.01086679]
 [ 0.01065294  0.00422776 -0.99993432]
 [ 0.05431846 -0.99851702 -0.00364308]]","(15.999, 764.333]",Subset
82,82,82,../shapes\Bed\D00650.obj,3752,[-0.01456413 -0.08215799 -0.07833704],[-0.01456432 -0.08215807 -0.07833708],[1. 1. 1.],0.9017601,2.058126779485919,[-0.863733  0.833154 -0.550605  0.377532 -0.421559  0.282019],[0. 0. 0.],7443,Bed,Triangle,[0.62941292 0.0385588  0.15056232],"[[ 0.99865753 -0.04586831 -0.02406747]
 [-0.02542425 -0.02922961 -0.99924934]
 [-0.0451304  -0.99851977  0.03035653]]","(764.333, 4278.667]",Subset
75,75,75,../shapes\Bed\D00307.obj,2644,[-0.13253326 -0.07024604 -0.01286709],[-0.13253328 -0.07024613 -0.01286708],[1. 1. 1.],0.63912725,2.561521723066482,[-0.820216  0.991699 -0.833938  0.872106 -0.213808  0.392634],[0. 0. 0.],5259,Bed,Triangle,[0.010595   0.22648868 0.24233274],"[[-0.03385267 -0.99648686 -0.0766024 ]
 [-0.03944899 -0.07525431  0.99638374]
 [ 0.99864797 -0.03675214  0.03676284]]","(764.333, 4278.667]",Subset
71,71,71,../shapes\Bed\D00184.obj,7218,[-0.17546487 -0.07941271 -0.08724491],[-0.17546462 -0.0794127  -0.08724485],[1. 1. 1.],0.63416165,2.4336311122683925,[-0.937684  0.750002 -0.891329  0.664602 -0.466361  0.341943],[0. 0. 0.],14204,Bed,Triangle,[0.25347395 0.16633847 0.03146101],"[[ 0.93221841 -0.35015781 -0.09142396]
 [-0.34259695 -0.93527584  0.08880554]
 [ 0.11660257  0.05146459  0.99184436]]","(4278.667, 98256.0]",Subset
85,85,85,../shapes\Bed\D00839.obj,16364,[ 0.03929743 -0.17861752  0.07427842],[ 0.03929669 -0.17861785  0.07427839],[1. 1. 1.],0.79635864,2.2976935387679847,[-0.800648  0.864395 -0.877287  0.569772 -0.351917  0.290771],[0. 0. 0.],32648,Bed,Triangle,[0.47163259 0.15703885 0.01431196],"[[ 0.97738133 -0.20774634 -0.03958793]
 [-0.21012691 -0.97511799 -0.0706511 ]
 [ 0.0239254  -0.07737155  0.99671521]]","(4278.667, 98256.0]",Subset
105,105,105,../shapes\Bicycle\D00567.obj,436,[-0.01827528  0.04528028  0.00704653],[-0.01827525  0.04528025  0.00704653],[1. 1. 1.],0.55595154,2.3237415993999706,[-0.923799  0.991099 -0.503743  0.689679 -0.288646  0.266948],[0. 0. 0.],916,Bicycle,Triangle,[0.26631357 0.08668334 0.00448216],"[[ 0.99948225 -0.03215385 -0.00116393]
 [-0.03209827 -0.99894431  0.0328627 ]
 [ 0.00221937  0.03280832  0.9994592 ]]","(15.999, 764.333]",Subset
118,118,118,../shapes\Bicycle\m1476.obj,436,[0.15897068 0.27499105 0.52022824],[0.15897085 0.2749913  0.5202282 ],[1. 1. 1.],0.2751292,1.131433535390803,[0.025    0.299675 0.025    0.574723 0.025    0.975   ],[0. 0. 0.],916,Bicycle,Triangle,[0.00109771 0.02122927 0.0652218 ],"[[-0.99989768  0.01420753 -0.00166557]
 [ 0.01393671  0.99378498  0.11044081]
 [-0.00322431 -0.1104063   0.99388131]]","(15.999, 764.333]",Subset
95,95,95,../shapes\Bicycle\D00016.obj,2769,[ 0.04350924  0.05789344 -0.00688587],[ 0.04350908  0.05789348 -0.00688586],[1. 1. 1.],0.58659184,2.2908050752248346,[-0.914299  0.959955 -0.44062   0.818183 -0.209935  0.177847],[0. 0. 0.],5049,Bicycle,Triangle,[0.32018279 0.08086464 0.00236648],"[[ 0.99976301 -0.02067455  0.00681844]
 [-0.02064141 -0.99977496 -0.00489533]
 [-0.00691812 -0.00475342  0.99996477]]","(764.333, 4278.667]",Subset
106,106,106,../shapes\Bicycle\D00621.obj,2769,[ 0.04036698  0.04386825 -0.00931268],[ 0.04036695  0.04386817 -0.00931269],[1. 1. 1.],0.5865937,2.2950713347693767,[-0.914804  0.956869 -0.720661  0.549773 -0.212118  0.175426],[0. 0. 0.],5049,Bicycle,Triangle,[0.32018483 0.00236649 0.08086515],"[[ 0.99994681  0.00646067 -0.00804009]
 [ 0.00801372  0.00409822  0.99995949]
 [-0.00649336  0.99997073 -0.00404623]]","(764.333, 4278.667]",Subset
98,98,98,../shapes\Bicycle\D00077.obj,16416,[-0.05994833 -0.19672588 -0.0081851 ],[-0.05994804 -0.19672541 -0.00818511],[1. 1. 1.],0.48243603,2.3054068238514067,[-0.846692  1.04491  -0.658064  0.486785 -0.363761  0.288974],[0. 0. 0.],32265,Bicycle,Triangle,[0.21861307 0.06218885 0.0043226 ],"[[ 9.78409341e-01  2.06345155e-01 -1.16978062e-02]
 [ 2.06674768e-01 -9.76603464e-01  5.94240213e-02]
 [-8.37740821e-04  6.05586589e-02  9.98164289e-01]]","(4278.667, 98256.0]",Subset
104,104,104,../shapes\Bicycle\D00558.obj,19417,[-0.0047075  -0.02081866 -0.01353511],[-0.00470766 -0.02081855 -0.01353514],[1. 1. 1.],0.52632004,2.312727113628029,[-1.01428   0.938784 -0.539415  0.584583 -0.283491  0.236967],[0. 0. 0.],37661,Bicycle,Triangle,[0.24064428 0.07029956 0.00533454],"[[ 0.99789093 -0.0645139   0.00718698]
 [-0.06446607 -0.99789741 -0.00669916]
 [-0.00760406 -0.00622171  0.99995173]]","(4278.667, 98256.0]",Subset
159,159,159,../shapes\Biplane\m1137.obj,408,[0.17291711 0.49907074 0.10932589],[0.17291705 0.4990707  0.10932578],[1. 1. 1.],0.18371801,1.0601630375915825,[0.025    0.461983 0.025    0.975    0.025    0.199618],[0. 0. 0.],524,Biplane,Triangle,[0.01470252 0.00099032 0.03803275],"[[ 9.99583567e-01  2.86018493e-02 -3.82453933e-03]
 [-3.82419911e-03 -6.65961834e-05 -9.99992686e-01]
 [ 2.86018948e-02 -9.99590881e-01 -4.28107159e-05]]","(15.999, 764.333]",Subset
137,137,137,../shapes\Biplane\D00666.obj,469,[-0.19157021  0.00866465  0.01801388],[-0.19157021  0.00866467  0.01801389],[1. 1. 1.],0.52549547,2.742491127252647,[-1.22452   0.693364 -0.946743  0.962328 -0.266142  0.179309],[0. 0. 0.],794,Biplane,Triangle,[0.24150037 0.01002666 0.08697635],"[[ 0.99960129  0.02397315  0.01491791]
 [ 0.01537075 -0.01881727 -0.99970478]
 [ 0.02368536 -0.99953549  0.01917825]]","(15.999, 764.333]",Subset
121,121,121,../shapes\Biplane\D00069.obj,3242,[-0.07985911 -0.0969623   0.01932961],[-0.07985915 -0.0969622   0.01932962],[1. 1. 1.],0.4217867,2.243805524117529,[-1.06342   0.905137 -0.446842  0.553446 -0.198847  0.199738],[0. 0. 0.],6326,Biplane,Triangle,[0.11319739 0.01443571 0.08909413],"[[ 0.99994821 -0.01009863  0.00126393]
 [-0.00101789  0.0243319   0.99970342]
 [ 0.01012639  0.99965293 -0.02432036]]","(764.333, 4278.667]",Subset
152,152,152,../shapes\Biplane\m1129.obj,3351,[0.50005229 0.18035779 0.49876402],[0.50005215 0.18035775 0.49876338],[1. 1. 1.],0.20545186,1.208658852854106,[0.025    0.975    0.025    0.346551 0.025    0.699508],[0. 0. 0.],6272,Biplane,Triangle,[0.00426949 0.02613779 0.02873482],"[[-0.00617488  0.9999211  -0.0109392 ]
 [ 0.99567772  0.00513417 -0.09273362]
 [ 0.09267014  0.01146454  0.99563086]]","(764.333, 4278.667]",Subset
131,131,131,../shapes\Biplane\D00490.obj,24998,[ 0.0790611  -0.06882874  0.00600877],[ 0.07906128 -0.06882896  0.00600886],[1. 1. 1.],0.44668588,2.275927608380371,[-0.858495  0.970724 -0.555024  0.710541 -0.26707   0.214749],[0. 0. 0.],46318,Biplane,Triangle,[0.14301776 0.08599932 0.0108647 ],"[[ 0.38438299  0.92311905 -0.01004698]
 [ 0.92280847 -0.38390205  0.03230692]
 [-0.02596607  0.02168967  0.9994275 ]]","(4278.667, 98256.0]",Subset
132,132,132,../shapes\Biplane\D00515.obj,5381,[-0.20922634  0.04745086 -0.01055964],[-0.2092269   0.04745073 -0.01055965],[1. 1. 1.],0.52088994,2.426667951030352,[-0.890078  0.687934 -0.889517  0.863811 -0.31532   0.254273],[0. 0. 0.],10522,Biplane,Triangle,[0.20713031 0.1070639  0.02477182],"[[ 0.8828266   0.46918885  0.02188652]
 [ 0.46918969 -0.8830808   0.00541558]
 [-0.02186849 -0.00548791  0.99974579]]","(4278.667, 98256.0]",Subset
172,172,172,../shapes\Bird\D00323.obj,260,[ 0.21601087  0.04108317 -0.00255793],[ 0.21601084  0.04108318 -0.00255793],[1. 1. 1.],0.4048226,2.048728327344058,[-0.777682  1.19869  -0.188336  0.343315 -0.049014  0.043661],[0. 0. 0.],364,Bird,Triangle,[0.25049886 0.02064265 0.00048966],"[[ 0.99915184 -0.03824538  0.01526062]
 [-0.03841311 -0.999203    0.01085358]
 [-0.01483336  0.01143058  0.99982464]]","(15.999, 764.333]",Subset
205,205,205,../shapes\Bird\m48.obj,427,[0.25700833 0.23323621 0.59405963],[0.25700825 0.23323624 0.59405947],[1. 1. 1.],0.2794891,1.141373482077481,[0.025    0.488025 0.025    0.456093 0.025    0.975   ],[0. 0. 0.],824,Bird,Triangle,[0.07255271 0.00892443 0.00884604],"[[ 0.01654238 -0.98359239 -0.1796451 ]
 [-0.31964243  0.16503893 -0.93305459]
 [-0.94739383 -0.07285713  0.31166773]]","(15.999, 764.333]",Subset
181,181,181,../shapes\Bird\D00762.obj,950,[-0.2212756   0.13272609 -0.1092906 ],[-0.2212756   0.13272604 -0.10929067],[1. 1. 1.],0.40443128,2.480124454456,[-1.0453    0.749594 -0.723664  0.858881 -0.387123  0.264739],[0. 0. 0.],1896,Bird,Triangle,[0.02770784 0.08365604 0.09098707],"[[-0.07431567  0.99041142 -0.11645774]
 [ 0.22764026  0.13054544  0.96495482]
 [-0.9709053  -0.04520079  0.23515908]]","(764.333, 4278.667]",Subset
174,174,174,../shapes\Bird\D00438.obj,1824,[-0.20280798  0.00554282 -0.02528409],[-0.202808    0.00554282 -0.02528408],[1. 1. 1.],0.40992758,2.1913370784777944,[-1.18694   0.786275 -0.545674  0.371307 -0.194944  0.064915],[0. 0. 0.],3709,Bird,Triangle,[0.18864996 0.02683594 0.00394234],"[[ 0.99989955 -0.01393343 -0.00259926]
 [-0.0136196  -0.99528774  0.09600426]
 [ 0.00392468  0.09595922  0.99537753]]","(764.333, 4278.667]",Subset
170,170,170,../shapes\Bird\D00271.obj,12813,[-0.24979787 -0.03357241 -0.04463066],[-0.24979809 -0.03357234 -0.04463063],[1. 1. 1.],0.47609282,2.350727787882541,[-1.17434   0.735516 -0.67701   0.633247 -0.192772  0.20922 ],[0. 0. 0.],24753,Bird,Triangle,[0.09655686 0.15221999 0.01063064],"[[-0.99795938  0.0552467  -0.03201379]
 [ 0.05396276  0.99775461  0.0396707 ]
 [-0.03413358 -0.03786219  0.99869983]]","(4278.667, 98256.0]",Subset
203,203,203,../shapes\Bird\m45.obj,16542,[0.50115189 0.17301338 0.16976552],[0.50115275 0.1730132  0.1697653 ],[1. 1. 1.],0.15237029,1.0889590879249766,[0.025    0.975    0.025    0.290348 0.025    0.486435],[0. 0. 0.],33072,Bird,Triangle,[0.01117531 0.01413875 0.00340641],"[[-9.99998974e-01 -1.40618875e-03 -2.73444993e-04]
 [-9.77360414e-04  5.30160956e-01  8.47896459e-01]
 [ 1.04733260e-03 -8.47895857e-01  5.30161786e-01]]","(4278.667, 98256.0]",Subset
221,221,221,../shapes\Bookset\D01110.obj,166,[0.15385077 0.17513053 0.12971324],[0.1538509  0.17513064 0.12971331],[1. 1. 1.],0.20146734,0.5261186437969596,[0.       0.268736 0.       0.28956  0.       0.347472],[0. 0. 0.],936,Bookset,Triangle,[0.00622726 0.01892663 0.01697135],"[[-0.98284514  0.18305709  0.02248412]
 [ 0.04688049  0.13005807  0.99039745]
 [-0.17837504 -0.97446139  0.13640875]]","(15.999, 764.333]",Subset
227,227,227,../shapes\Bookset\D01184.obj,247,[0.03075646 0.11800458 0.14215066],[0.03075646 0.11800457 0.1421506 ],[1. 1. 1.],0.17813422,0.443156965538713,[-0.        0.191003  0.        0.230709  0.        0.326618],[0. 0. 0.],1557,Bookset,Triangle,[0.00390401 0.00454959 0.02415837],"[[-0.88156939 -0.47187304  0.01308587]
 [-0.47201923  0.88150348 -0.01222572]
 [ 0.00576625  0.01695461  0.99983963]]","(15.999, 764.333]",Subset
217,217,217,../shapes\Bookset\D01078.obj,1203,[0.43966593 0.26450639 0.10277464],[0.4396662  0.26450637 0.10277484],[1. 1. 1.],0.11327616,0.3716451372734766,[0.273999 0.580868 0.229734 0.350384 0.       0.17145 ],[0. 0. 0.],6861,Bookset,Triangle,[0.00875255 0.00140884 0.00426925],"[[ 0.99763272 -0.03630941  0.05840018]
 [-0.02799966 -0.99013488 -0.13729143]
 [-0.06280903 -0.13533123  0.98880761]]","(764.333, 4278.667]",Subset
223,223,223,../shapes\Bookset\D01135.obj,1645,[4.80657467 2.79129692 2.52166573],[4.806576  2.7912972 2.521684 ],[1. 1. 1.],3.9841533,12.525640271021857,"[-3.2108301e-01  1.0181497e+01 -2.1540400e-01  4.3812661e+00
 -9.3470002e-03  5.0362558e+00]",[0. 0. 0.],10185,Bookset,Triangle,[1.54731641 9.1442887  6.23213545],"[[-0.17582817 -0.98412026  0.02432614]
 [-0.98441857  0.17572058 -0.00650846]
 [-0.00213051  0.02509147  0.99968289]]","(764.333, 4278.667]",Subset
249,249,249,../shapes\Bottle\D00959.obj,479,[-0.13019035 -0.05132098 -0.00329868],[-0.13019039 -0.05132098 -0.00329868],[1. 1. 1.],0.5508963,1.5997218396031552,[-0.808843  0.69574  -0.275198  0.10899  -0.198302  0.186067],[0. 0. 0.],892,Bottle,Triangle,[0.36646532 0.00699939 0.00699921],"[[ 0.99920402 -0.03139842  0.02460615]
 [-0.03974469 -0.83643052  0.54662998]
 [-0.00341802  0.54717284  0.83701266]]","(15.999, 764.333]",Subset
250,250,250,../shapes\Bottle\m482.obj,542,[0.15747132 0.71987585 0.16008398],[0.15747134 0.71987504 0.16008402],[1. 1. 1.],0.2832622,1.021935918978054,[0.025    0.289643 0.025    0.975    0.025    0.292987],[0. 0. 0.],950,Bottle,Triangle,[0.09653924 0.00446333 0.00460643],"[[-9.87236696e-04 -9.63192914e-01 -2.68809292e-01]
 [-9.99848091e-01 -3.72700129e-03  1.70265988e-02]
 [ 1.74017519e-02 -2.68785267e-01  9.63042917e-01]]","(15.999, 764.333]",Subset
247,247,247,../shapes\Bottle\D00892.obj,2474,[0.09611912 0.048574   0.00052678],[0.09611932 0.04857399 0.00052678],[1. 1. 1.],0.59546894,1.7984950174935217,[-0.674448  1.01623  -0.151915  0.287525 -0.214476  0.213408],[0. 0. 0.],4940,Bottle,Triangle,[0.37419562 0.01249639 0.01251947],"[[ 0.99922614  0.0368251  -0.0138215 ]
 [-0.03929802  0.9197435  -0.39054777]
 [ 0.00166972 -0.3907887  -0.9204789 ]]","(764.333, 4278.667]",Subset
231,231,231,../shapes\Bottle\D00123.obj,1067,[-0.13508106 -0.04773411 -0.00466116],[-0.1350811  -0.04773416 -0.00466117],[1. 1. 1.],0.57256156,1.6569628283874207,[-0.785998  0.781472 -0.272641  0.122641 -0.188644  0.175108],[0. 0. 0.],2044,Bottle,Triangle,[0.38479325 0.00716561 0.00715668],"[[ 0.99882497 -0.04643219 -0.01388244]
 [-0.04837648 -0.93814141 -0.34285626]
 [-0.00289588 -0.34312498  0.93928529]]","(764.333, 4278.667]",Subset
234,234,234,../shapes\Bottle\D00176.obj,7138,[ 0.22599145  0.03200161 -0.00211313],[ 0.22599146  0.0320016  -0.00211312],[1. 1. 1.],0.5892035,1.8696512648327648,[-0.718902  0.987358 -0.22924   0.32021  -0.268809  0.262583],[0. 0. 0.],14272,Bottle,Triangle,[0.3541557  0.01930481 0.019137  ],"[[-0.99944706  0.02436369  0.02262702]
 [ 0.03253088  0.57571518  0.81700292]
 [-0.00687848 -0.81728724  0.57618942]]","(4278.667, 98256.0]",Subset
233,233,233,../shapes\Bottle\D00166.obj,23142,[-0.05179073  0.04629546 -0.00453574],[-0.0517914   0.04629535 -0.00453574],[1. 1. 1.],0.57541996,2.0036110831639573,[-0.815243  0.919484 -0.387408  0.446434 -0.272684  0.283991],[0. 0. 0.],45936,Bottle,Triangle,[0.32485102 0.03827308 0.02331162],"[[ 0.99895829 -0.04361967  0.0134037 ]
 [-0.04296686 -0.99803335 -0.04564308]
 [-0.01536828 -0.04501962  0.99886788]]","(4278.667, 98256.0]",Subset
303,303,303,../shapes\BuildingNonResidential\m479.obj,648,[0.49999999 0.16632745 0.2722304 ],[0.4999999  0.16632773 0.2722301 ],[1. 1. 1.],0.27664268,1.1053069109604825,[0.025    0.975    0.025    0.298318 0.025    0.51947 ],[0. 0. 0.],1056,BuildingNonResidential,Triangle,[0.06728086 0.01298315 0.00548474],"[[-9.99999969e-01  2.50793736e-04 -4.56196911e-09]
 [ 6.88872434e-09  9.27756433e-06 -1.00000000e+00]
 [ 2.50793735e-04  9.99999969e-01  9.27756576e-06]]","(15.999, 764.333]",Subset
300,300,300,../shapes\BuildingNonResidential\m475.obj,112,[0.5725868  0.15612943 0.57254891],[0.5725869  0.15612945 0.57254887],[1. 1. 1.],0.21412861,1.435866166556967,[0.025    0.975    0.025    0.531667 0.025    0.975   ],[0. 0. 0.],178,BuildingNonResidential,Triangle,[0.01025957 0.03179455 0.02212738],"[[ 0.48162287  0.70857677  0.51571151]
 [ 0.73171842 -0.00127063 -0.68160585]
 [ 0.4823148  -0.70563258  0.51909064]]","(15.999, 764.333]",Subset
290,290,290,../shapes\BuildingNonResidential\m414.obj,1056,[0.5        0.39275652 0.5       ],[0.49999994 0.39275625 0.4999986 ],[1. 1. 1.],0.5277539,1.5145124681733184,[0.025    0.975    0.025    0.724105 0.025    0.975   ],[0. 0. 0.],1944,BuildingNonResidential,Triangle,[0.0782983  0.10218866 0.10218866],"[[ 2.60318023e-10  1.00000000e+00  5.21437777e-09]
 [ 1.00000000e+00 -2.60317312e-10 -2.74955054e-10]
 [ 2.74955053e-10 -5.21437777e-09  1.00000000e+00]]","(764.333, 4278.667]",Subset
285,285,285,../shapes\BuildingNonResidential\m408.obj,1252,[0.33501993 0.30568485 0.51355095],[0.3350203 0.3056854 0.5135501],[1. 1. 1.],0.32012093,1.2685492662718765,[0.025    0.644812 0.025    0.592935 0.025    0.975   ],[0. 0. 0.],2372,BuildingNonResidential,Triangle,[0.03212982 0.005982   0.08115854],"[[-9.99999999e-01 -4.84446644e-05 -1.08358257e-05]
 [-4.50111305e-05  9.76911438e-01 -2.13644659e-01]
 [-2.09355858e-05  2.13644658e-01  9.76911439e-01]]","(764.333, 4278.667]",Subset
294,294,294,../shapes\BuildingNonResidential\m420.obj,7226,[0.34483496 0.16867019 0.59326938],[0.34483722 0.16866805 0.5932698 ],[1. 1. 1.],0.37953752,1.2061845642041709,[0.025    0.66475  0.025    0.403287 0.025    0.975   ],[0. 0. 0.],12960,BuildingNonResidential,Triangle,[0.00840604 0.07136423 0.07368845],"[[-6.19323512e-05 -9.99998743e-01  1.58452193e-03]
 [-9.99994651e-01  5.67502210e-05 -3.27030519e-03]
 [-3.27021115e-03  1.58471599e-03  9.99993397e-01]]","(4278.667, 98256.0]",Subset
295,295,295,../shapes\BuildingNonResidential\m421.obj,6853,[0.30398664 0.15152801 0.5003512 ],[0.30398548 0.15152603 0.50035274],[1. 1. 1.],0.3689874,1.1449650828536522,[0.025    0.587413 0.025    0.32854  0.025    0.975   ],[0. 0. 0.],11000,BuildingNonResidential,Triangle,[0.03518405 0.0051649  0.10215315],"[[-9.99956978e-01  9.27484440e-03  1.38918740e-04]
 [ 9.27484929e-03  9.99956987e-01  3.46310633e-05]
 [ 1.38591567e-04 -3.59180238e-05  9.99999990e-01]]","(4278.667, 98256.0]",Subset
323,323,323,../shapes\Bus\D00832.obj,3155,[2.03409387 4.25924661 1.07837534],[2.0340943 4.2592463 1.0783726],[1. 1. 1.],2.3083656,7.683233720995062,[0.374132 3.522974 0.490072 6.95378  0.       2.708755],[0. 0. 0.],18774,Bus,Triangle,[4.65331183 0.6819958  0.5044965 ],"[[ 0.22084114  0.97094378 -0.09218121]
 [ 0.96937286 -0.20810155  0.13042243]
 [-0.1074498   0.1181606   0.98716392]]","(764.333, 4278.667]",Subset
316,316,316,../shapes\Bus\D00516.obj,4096,[-3.31534385  4.2802281   1.16116544],[-3.315337   4.2801867  1.1611623],[1. 1. 1.],3.5455573,10.408956415744964,[-9.10837   0.470615  2.988008  5.816505  0.013357  2.94406 ],[0. 0. 0.],24888,Bus,Triangle,[12.54444499  1.03212028  0.45071218],"[[ 0.99976413 -0.02126239  0.00442736]
 [-0.0206758  -0.99418604 -0.10567223]
 [-0.00664847 -0.10555576  0.99439116]]","(764.333, 4278.667]",Subset
314,314,314,../shapes\Bus\D00448.obj,7367,[5.95728847 3.23077229 0.49682247],[5.9573197 3.2307773 0.4968237],[1. 1. 1.],2.1442776,7.122834329454972,[ 2.53263   8.8068    2.13731   4.29352  -0.465848  2.12651 ],[0. 0. 0.],42369,Bus,Triangle,[4.31317453 0.34495138 0.56560946],"[[ 0.99989705 -0.01408671 -0.00272937]
 [-0.00202711  0.049628   -0.99876571]
 [-0.01420478 -0.99866843 -0.04959434]]","(4278.667, 98256.0]",Subset
318,318,318,../shapes\Bus\D00754.obj,8866,[1.39147984 8.3029707  1.1034974 ],[1.3914677 8.302942  1.1034939],[1. 1. 1.],4.343064,15.008140463994405,[ 0.       2.80429  0.      14.1246   0.       4.22799],[0. 0. 0.],59982,Bus,Triangle,[20.8720059   0.84900533  0.75181808],"[[ 0.00450925 -0.9993444   0.03592264]
 [-0.9995006  -0.00338058  0.03141856]
 [ 0.03127652  0.03604637  0.99886057]]","(4278.667, 98256.0]",Subset
411,411,411,../shapes\Car\m1561.obj,332,[0.27466026 0.21188131 0.43686905],[0.27466086 0.21188138 0.4368697 ],[1. 1. 1.],0.33813444,1.1736671787947983,[0.025    0.523565 0.025    0.500844 0.025    0.975   ],[0. 0. 0.],558,Car,Triangle,[0.03074745 0.07936502 0.01336303],"[[ 9.99999963e-01 -1.87220443e-04  1.98893115e-04]
 [ 1.77296266e-04 -1.09022819e-01 -9.94039231e-01]
 [-2.07788353e-04 -9.94039230e-01  1.09022781e-01]]","(15.999, 764.333]",Subset
387,387,387,../shapes\Car\m1532.obj,132,[0.24143555 0.1253173  0.49379261],[0.24143554 0.12531732 0.49379268],[1. 1. 1.],0.35456452,1.105910140137651,[0.025    0.452245 0.025    0.396482 0.025    0.975   ],[0. 0. 0.],134,Car,Triangle,[0.02960603 0.09451594 0.00736137],"[[-9.99997807e-01 -2.00066324e-03 -6.18659491e-04]
 [ 5.84571881e-04  1.69940872e-02 -9.99855419e-01]
 [-2.01088753e-03  9.99853588e-01  1.69928804e-02]]","(15.999, 764.333]",Subset
386,386,386,../shapes\Car\m1531.obj,2170,[0.51500126 0.13494936 0.20140343],[0.51500124 0.13494924 0.20140302],[1. 1. 1.],0.33641377,1.0564140040007275,[0.025    0.975    0.025    0.323536 0.025    0.377685],[0. 0. 0.],4060,Car,Triangle,[0.09388814 0.00553706 0.02020719],"[[-9.99778661e-01  2.10387107e-02  4.02067584e-05]
 [ 2.10387367e-02  9.99778325e-01  8.20591569e-04]
 [ 2.29336569e-05 -8.21255839e-04  9.99999663e-01]]","(764.333, 4278.667]",Subset
404,404,404,../shapes\Car\m1553.obj,1239,[0.52131383 0.15013631 0.24851841],[0.5213139  0.15013641 0.24851853],[1. 1. 1.],0.33690503,1.086035975301466,[0.025    0.975    0.025    0.301501 0.025    0.472796],[0. 0. 0.],1915,Car,Triangle,[0.08556568 0.00471679 0.03020828],"[[ 9.99246905e-01  3.87890474e-02  1.01586310e-03]
 [ 3.87900747e-02 -9.99246870e-01 -1.01185153e-03]
 [-9.75849264e-04 -1.05049492e-03  9.99998972e-01]]","(764.333, 4278.667]",Subset
346,346,346,../shapes\Car\m1486.obj,5911,[0.2335081  0.18476972 0.51359769],[0.23350744 0.1847701  0.51359725],[1. 1. 1.],0.34866503,1.102277823578817,[0.025    0.442566 0.025    0.396692 0.025    0.975   ],[0. 0. 0.],11230,Car,Triangle,[0.09851129 0.02134762 0.00985481],"[[ 0.00263865 -0.99998734  0.00428382]
 [-0.08193998  0.00405322  0.99662902]
 [ 0.99663377  0.00298077  0.08192824]]","(4278.667, 98256.0]",Subset
394,394,394,../shapes\Car\m1542.obj,4384,[0.25613197 0.1609664  0.46801392],[0.25613233 0.1609659  0.46801436],[1. 1. 1.],0.28774378,1.0990215534909649,[0.025    0.475133 0.025    0.345513 0.025    0.975   ],[0. 0. 0.],7414,Car,Triangle,[0.02484051 0.00520276 0.06504914],"[[ 0.99973805  0.02088619  0.00935975]
 [ 0.02143639 -0.99777367 -0.06315209]
 [-0.0080199  -0.06333618  0.99796002]]","(4278.667, 98256.0]",Subset
424,424,424,../shapes\Cellphone\D00440.obj,763,[0.03246737 0.03412986 0.00086392],[0.03246737 0.0341299  0.00086392],[1. 1. 1.],0.46914786,1.6135593822390155,[-0.544542  0.993595 -0.168497  0.257078 -0.113165  0.124731],[0. 0. 0.],1422,Cellphone,Triangle,[0.2194534  0.01939594 0.00383305],"[[ 0.99905255  0.03275894  0.02865069]
 [ 0.03144821 -0.99848912  0.04506091]
 [-0.03008355  0.0441172   0.99857331]]","(15.999, 764.333]",Subset
428,428,428,../shapes\Cellphone\D00559.obj,3120,[-0.16592699  0.02354493  0.00776945],[-0.16592683  0.02354494  0.00776946],[1. 1. 1.],0.5038841,1.8527827229428773,[-0.913337  0.814794 -0.244785  0.340604 -0.222912  0.099092],[0. 0. 0.],5956,Cellphone,Triangle,[0.29099904 0.02420635 0.00518073],"[[ 0.99981357  0.01568201 -0.01126493]
 [ 0.01356248 -0.98563003 -0.1683731 ]
 [ 0.01374348 -0.16818893  0.98565897]]","(764.333, 4278.667]",Subset
420,420,420,../shapes\Cellphone\D00312.obj,1012,[-0.02083736 -0.05528979 -0.00191534],[-0.02083736 -0.05528977 -0.00191535],[1. 1. 1.],0.17147231,1.1259336616000215,[-0.161981  0.342809 -0.93762   0.068043 -0.011327  0.028113],[0. 0. 0.],644,Cellphone,Triangle,[6.09336258e-02 1.00490626e-02 9.44282557e-05],"[[ 0.44103463 -0.89747392 -0.00538652]
 [-0.8972415  -0.44104577  0.02088833]
 [ 0.02112244  0.00437947  0.9997673 ]]","(764.333, 4278.667]",Subset
429,429,429,../shapes\Cellphone\D00817.obj,5206,[-0.07458536 -0.07960024 -0.05139262],[-0.07458545 -0.07960033 -0.05139269],[1. 1. 1.],0.70843804,2.168177249430125,[-1.0599    0.813321 -0.592678  0.446986 -0.150876  0.182492],[0. 0. 0.],9766,Cellphone,Triangle,[0.46328735 0.09665317 0.00474216],"[[ 0.99431122 -0.1014346   0.03249941]
 [-0.10274434 -0.99383997  0.04154183]
 [-0.02808544  0.04464463  0.99860806]]","(4278.667, 98256.0]",Subset
416,416,416,../shapes\Cellphone\D00079.obj,20212,[-0.09670313 -0.01713708  0.0207439 ],[-0.09670306 -0.01713708  0.02074393],[1. 1. 1.],0.5440123,2.150529483624628,[-0.936548  1.0206   -0.405795  0.370964 -0.334059  0.10297 ],[0. 0. 0.],36972,Cellphone,Triangle,[0.31759127 0.00365416 0.04432104],"[[ 0.99994731 -0.00952003 -0.00383958]
 [-0.00380947  0.00317895 -0.99998769]
 [-0.00953212 -0.99994963 -0.00314252]]","(4278.667, 98256.0]",Subset
439,439,439,../shapes\Chess\D01049.obj,214,[0.2203477  0.52352869 0.1910395 ],[0.22034775 0.5235286  0.19103952],[1. 1. 1.],0.3036002,1.0978456331038366,[0.025    0.414079 0.025    0.975    0.025    0.414079],[0. 0. 0.],419,Chess,Triangle,[0.09113694 0.00518561 0.01006375],"[[ 0.00234239  0.99995215 -0.00949801]
 [ 0.99884505 -0.00188377  0.0480107 ]
 [-0.04799051  0.0095995   0.99880166]]","(15.999, 764.333]",Subset
434,434,434,../shapes\Chess\D01017.obj,380,[ 0.02859115 -0.00088931 -0.0013598 ],[ 0.02859114 -0.0008893  -0.00135978],[1. 1. 1.],0.18793087,0.5962118686836454,[-0.192571  0.251959 -0.139346  0.139498 -0.141458  0.141575],[0. 0. 0.],756,Chess,Triangle,[0.02704006 0.00555462 0.00534007],"[[ 0.99994224  0.01062636  0.00160877]
 [ 0.00825114 -0.66311964 -0.74846795]
 [ 0.00688669 -0.74843799  0.66316902]]","(15.999, 764.333]",Subset
445,445,445,../shapes\Chess\D01112.obj,1182,[0.23414381 0.45156784 0.23414368],[0.23414347 0.45156386 0.23414326],[1. 1. 1.],0.28548136,1.1191193343576016,[0.025    0.443287 0.025    0.975    0.025    0.443287],[0. 0. 0.],2360,Chess,Triangle,[0.08821745 0.00654713 0.00654713],"[[-5.22602715e-08 -1.00000000e+00 -1.72347980e-05]
 [-1.00000000e+00  5.22611172e-08 -4.90695166e-08]
 [-4.90704173e-08 -1.72347959e-05  1.00000000e+00]]","(764.333, 4278.667]",Subset
436,436,436,../shapes\Chess\D01021.obj,1474,[0.47358813 0.26852723 0.26852723],[0.47358954 0.26852718 0.26852748],[1. 1. 1.],0.31761587,1.1734330767815515,[0.025    0.975    0.025    0.512055 0.025    0.512055],[0. 0. 0.],2944,Chess,Triangle,[0.09553707 0.01217025 0.01217025],"[[-1.00000000e+00 -4.27854550e-09 -2.05956825e-09]
 [-4.73599830e-09  9.30067371e-01  3.67389012e-01]
 [-3.43646622e-10 -3.67389012e-01  9.30067370e-01]]","(764.333, 4278.667]",Subset
462,462,462,../shapes\Chess\m1601.obj,6727,[0.29084732 0.4576093  0.29144984],[0.29084703 0.4576058  0.29145035],[1. 1. 1.],0.30990317,1.2104931186794603,[0.025    0.556126 0.025    0.975    0.025    0.55481 ],[0. 0. 0.],13450,Chess,Triangle,[0.01291377 0.01288563 0.08728072],"[[-7.76794735e-01 -6.29753867e-01 -8.43992243e-05]
 [ 8.15207278e-04 -8.71530269e-04 -9.99999288e-01]
 [-6.29753345e-01  7.76794250e-01 -1.19038006e-03]]","(4278.667, 98256.0]",Subset
471,471,471,../shapes\Chess\m1610.obj,6094,[0.33806466 0.28016703 0.33552802],[0.3380648  0.28016552 0.33552876],[1. 1. 1.],0.3281997,1.2937267182094496,[0.025    0.646138 0.025    0.975    0.025    0.645819],[0. 0. 0.],12184,Chess,Triangle,[0.06613086 0.02727833 0.02705981],"[[ 1.90493438e-03  9.97794985e-01 -6.63440907e-02]
 [ 9.99998180e-01 -1.90773666e-03  2.11147191e-05]
 [ 1.05498893e-04  6.63440101e-02  9.97796804e-01]]","(4278.667, 98256.0]",Subset
480,480,480,../shapes\City\D01039.obj,1344,[0.48686685 0.05298474 0.47970548],[0.48686668 0.05298453 0.4797058 ],[1. 1. 1.],0.25930604,1.2534321505508854,[0.025     0.840902  0.025     0.0788145 0.025     0.975    ],[0. 0. 0.],2022,City,Triangle,[0.04919969 0.03084213 0.00011806],"[[ 0.33112095  0.94358479 -0.0025808 ]
 [ 0.01623915 -0.00843326 -0.99983257]
 [ 0.94344857 -0.3310236   0.01811545]]","(764.333, 4278.667]",Subset
477,477,477,../shapes\City\D01007.obj,3163,[0.20886496 0.13153164 0.43639942],[0.20886523 0.13153154 0.4364011 ],[1. 1. 1.],0.1671936,1.1548464505989515,[0.0484247 0.975     0.025     0.362786  0.025     0.625857 ],[0. 0. 0.],3119,City,Triangle,[0.01700558 0.00419986 0.00989092],"[[-0.61381904  0.58217145  0.53320033]
 [ 0.5443624   0.80128692 -0.24821132]
 [ 0.57174799 -0.13789738  0.80875741]]","(764.333, 4278.667]",Subset
485,485,485,../shapes\City\D01090.obj,7089,[0.42270045 0.0720504  0.51622922],[0.4227018  0.07205065 0.51622945],[1. 1. 1.],0.26781785,1.2303186607724574,[0.025     0.801993  0.0454205 0.131825  0.025     0.975    ],[0. 0. 0.],13409,City,Triangle,[0.04999473 0.0336783  0.00025398],"[[ 0.46677048  0.88414088  0.02049912]
 [ 0.00678818  0.01959663 -0.99978492]
 [ 0.88435244 -0.46680924 -0.00314543]]","(4278.667, 98256.0]",Subset
494,494,494,../shapes\City\D01192.obj,14752,[0.54784433 0.111522   0.39620069],[0.54785013 0.11152337 0.39620125],[1. 1. 1.],0.2530251,1.1548464505989515,[0.0484247 0.975     0.025     0.362786  0.025     0.625857 ],[0. 0. 0.],16111,City,Triangle,[0.05871879 0.01597907 0.00350427],"[[ 0.95814717 -0.28627317 -0.0012961 ]
 [-0.0505348  -0.16467856 -0.98505188]
 [-0.28178048 -0.94389017  0.17225306]]","(4278.667, 98256.0]",Subset
507,507,507,../shapes\ClassicPiano\D00120.obj,231,[0.45681763 0.09040461 0.85973175],[0.45681775 0.09040461 0.85973287],[1. 1. 1.],0.6758502,2.687422976946713,"[-5.457320e-01  1.164776e+00 -4.802040e-01  8.421960e-01  4.970000e-04
  1.596637e+00]",[0. 0. 0.],1311,ClassicPiano,Triangle,[0.31432938 0.15918979 0.07937453],"[[-0.86048911 -0.42807058 -0.27625001]
 [-0.49913576  0.81699712  0.28875457]
 [-0.10208812 -0.38635642  0.91668246]]","(15.999, 764.333]",Subset
522,522,522,../shapes\ClassicPiano\D00983.obj,204,[ 0.25285025 -0.38638705  0.60838803],[ 0.2528502  -0.38638726  0.6083875 ],[1. 1. 1.],0.8905601,2.918062361202032,[-0.892376  1.245164 -1.324473  0.403054  0.        0.980643],[0. 0. 0.],954,ClassicPiano,Triangle,[0.42944458 0.10402624 0.290507  ],"[[ 0.98714061 -0.12418465  0.10065583]
 [-0.08998592  0.08873887  0.99198183]
 [ 0.132121    0.98828315 -0.07642287]]","(15.999, 764.333]",Subset
505,505,505,../shapes\ClassicPiano\D00034.obj,1611,[10.48180121  3.405934    1.99464   ],[10.481806   3.4059482  1.9946444],[1. 1. 1.],3.589742,17.155903595105304,[ 0.435222 12.7      -0.1524   11.05535   0.        4.276281],[0. 0. 0.],10902,ClassicPiano,Triangle,[10.43277385  4.20274905  1.44991001],"[[ 0.1563762  -0.98720976 -0.03103839]
 [-0.98488865 -0.15822278  0.07042656]
 [ 0.07443677 -0.01955631  0.99703396]]","(764.333, 4278.667]",Subset
512,512,512,../shapes\ClassicPiano\D00305.obj,1711,[0.89916697 0.47464736 6.21082718],[0.899167   0.47464934 6.210835  ],[1. 1. 1.],1.237757,3.92418673172904,[-0.074943  1.820722 -0.734221  2.549052  5.566783  6.579608],[0. 0. 0.],10353,ClassicPiano,Triangle,[1.38092512 0.29810891 0.09181083],"[[ 0.12712739 -0.97356693 -0.18975264]
 [-0.98026815 -0.0941231  -0.1738252 ]
 [-0.15137035 -0.20810641  0.96632227]]","(764.333, 4278.667]",Subset
511,511,511,../shapes\ClassicPiano\D00279.obj,7253,[-0.60970112  0.04624217  0.68763854],[-0.6097011   0.04624215  0.6876376 ],[1. 1. 1.],0.35651612,2.627508449265128,[-1.30628   0.740793 -0.467149  0.514366  0.107214  1.43006 ],[0. 0. 0.],43107,ClassicPiano,Triangle,[0.14171601 0.03136326 0.01323173],"[[ 0.98788709 -0.15510951 -0.0044871 ]
 [-0.15516073 -0.98777083 -0.01529497]
 [ 0.00205983 -0.01580593  0.99987296]]","(4278.667, 98256.0]",Subset
509,509,509,../shapes\ClassicPiano\D00233.obj,5205,[-13.7767111    0.94645491   5.65790819],[-13.776691    0.9464569   5.6578794],[1. 1. 1.],9.482133,35.39690759725527,[-33.448387  -6.348401  -8.289069   9.167111   0.346075  14.968439],[0. 0. 0.],27690,ClassicPiano,Triangle,[77.60329026 23.05133119 12.3155189 ],"[[ 9.71625773e-01  2.36522095e-01 -8.10153653e-04]
 [ 2.11833664e-01 -8.71719885e-01 -4.41849455e-01]
 [ 1.05213386e-01 -4.29140700e-01  8.97088849e-01]]","(4278.667, 98256.0]",Subset
554,554,554,../shapes\Computer\m1777.obj,325,[0.41046161 0.16957191 0.61971389],[0.41046166 0.16957192 0.6197137 ],[1. 1. 1.],0.38944778,1.4807824583234863,[0.025    0.910416 0.025    0.736516 0.025    0.975   ],[0. 0. 0.],618,Computer,Triangle,[0.09958792 0.05462912 0.01903334],"[[ 0.8078404  -0.57961705 -0.10694836]
 [-0.31919027 -0.58276501  0.74733026]
 [ 0.49549113  0.5695867   0.65578924]]","(15.999, 764.333]",Subset
543,543,543,../shapes\Computer\m1764.obj,668,[0.51273532 0.17336503 0.53205761],[0.51273495 0.17336564 0.5320575 ],[1. 1. 1.],0.3399822,1.4799676968528384,[0.025    0.975    0.025    0.750843 0.025    0.897328],[0. 0. 0.],1092,Computer,Triangle,[0.09384    0.00740453 0.0369902 ],"[[ 0.99960325 -0.01755253  0.02202832]
 [-0.01119473 -0.96524033 -0.26112409]
 [-0.02584601 -0.26077389  0.96505387]]","(15.999, 764.333]",Subset
